0.999999996639 0.000078363616 0.000024112461 -0.000078364299 0.999999996529 0.000028292240 -0.000024110244 -0.000028294129 0.999999999309 1.981808006103 1.669142869524 -0.353322399534 -1220.7506344660878 -3379.249365533912
0.999999988821 0.000146172774 0.000031487311 -0.000146173479 0.999999989066 0.000022398722 -0.000031484036 -0.000022403325 0.999999999253 3.524679361865 -0.237867547886 -0.311684184850 -1219.6759798174444 -3380.3240201825556
0.999999988558 -0.000150095716 0.000018831825 0.000150095660 0.999999988731 0.000002939977 -0.000018832267 -0.000002937150 0.999999999818 -0.085568095365 -1.787298699430 -0.032240444257 -1217.2634465781387 -3382.7365534218616
0.999999984004 0.000177482168 0.000022170400 -0.000177482126 0.999999984248 -0.000001881967 -0.000022170734 0.000001878032 0.999999999752 4.678550308495 2.122806559603 -0.084494809302 -1215.5819700623106 -3384.4180299376894
0.999999986664 -0.000162592430 0.000015350850 0.000162592170 0.999999986638 0.000016973163 -0.000015353609 -0.000016970666 0.999999999738 0.739006333484 -2.571720097248 0.278452820357 -1214.504140286476 -3385.4958597135237
0.999999983074 0.000183991356 0.000000288344 -0.000183991350 0.999999982898 -0.000018714485 -0.000000291787 0.000018714432 0.999999999825 -3.258179078995 -4.393538674398 -0.216374484110 -1213.3243906028001 -3386.6756093972
0.999999968708 -0.000249847308 -0.000012660443 0.000249846926 0.999999968333 -0.000030171045 0.000012667980 0.000030167881 0.999999999465 -1.126729437992 3.018794329258 0.108444065558 -1211.299919655506 -3388.700080344494
0.999999997196 -0.000073117911 0.000016191727 0.000073118290 0.999999997053 -0.000023413693 -0.000016190015 0.000023414877 0.999999999595 -3.224001285521 0.601766125515 -0.166270994140 -1209.6220731648743 -3390.3779268351254
0.999999951718 0.000310358777 -0.000015546584 -0.000310358986 0.999999951749 -0.000013391265 0.000015542427 0.000013396089 0.999999999789 0.544344177479 1.545624826074 0.096317838468 -1209.4577569346661 -3390.542243065334
0.999999992643 -0.000121073768 -0.000007424492 0.000121073508 0.999999992060 -0.000034952374 0.000007428723 0.000034951475 0.999999999362 -0.655628939791 -1.186412284558 0.003623721246 -1208.7572744207046 -3391.2427255792954
0.999999965509 0.000262415698 -0.000010923607 -0.000262415824 0.999999965503 -0.000011526727 0.000010920582 0.000011529593 0.999999999874 0.000937146073 2.293676605653 0.122157339618 -1212.9038554095262 -3387.096144590474
0.999999955969 0.000296698323 -0.000005731945 -0.000296698299 0.999999955976 0.000004193749 0.000005733189 -0.000004192048 0.999999999975 1.569869632540 -1.431289515603 -0.174953052172 -1215.3516040303723 -3384.648395969628
0.999999990829 -0.000131723035 -0.000031484009 0.000131723045 0.999999991324 0.000000320031 0.000031483967 -0.000000324178 0.999999999504 -2.504511996173 1.908494172104 -0.229859241995 -1218.0414477370778 -3381.9585522629222
0.999999997402 -0.000069167181 0.000020271189 0.000069167063 0.999999997591 0.000005829496 -0.000020271592 -0.000005828093 0.999999999778 0.785594408670 1.988008420065 -0.023610883491 -1221.181913649932 -3378.818086350068
0.999999900047 0.000447065129 0.000006205794 -0.000447065098 0.999999900054 -0.000005016022 -0.000006208036 0.000005013247 0.999999999968 1.688131602775 1.794853373729 0.203265936864 -1221.4308470994458 -3378.5691529005544
0.999999983324 -0.000182468698 0.000007575146 0.000182468691 0.999999983352 0.000001000119 -0.000007575328 -0.000000998736 0.999999999971 2.549477745699 -2.698659255045 0.168772791042 -1221.4998306532373 -3378.500169346763
0.999999999692 -0.000020849584 0.000013455972 0.000020849395 0.999999999684 0.000014080042 -0.000013456265 -0.000014079761 0.999999999810 2.463850000389 -2.301496183264 0.307380651015 -1221.0134870175884 -3378.9865129824116
0.999999928535 -0.000377964053 -0.000008505152 0.000377964025 0.999999928566 -0.000003253243 0.000008506381 0.000003250028 0.999999999959 -2.373105099284 -0.175113940911 0.288780595151 -1220.5601845190276 -3379.4398154809724
0.999999979044 -0.000204287120 -0.000013350469 0.000204286589 0.999999978341 -0.000039800685 0.000013358600 0.000039797957 0.999999999119 -1.791133683120 0.638181488947 0.280527287693 -1215.604001061941 -3384.395998938059
0.999999988503 -0.000151175678 -0.000011799613 0.000151175393 0.999999988282 -0.000024133338 0.000011803261 0.000024131554 0.999999999639 -2.554213346095 -2.892119958100 0.353192804912 -1213.2505578949192 -3386.7494421050806
0.999999986703 0.000162741149 -0.000010444763 -0.000162741064 0.999999986725 0.000008140320 0.000010446088 -0.000008138620 0.999999999912 1.603041160967 5.897164033614 0.439694299765 -1210.8033422351737 -3389.1966577648263
0.999999995527 -0.000094041582 -0.000010081646 0.000094041261 0.999999995070 -0.000031867922 0.000010084642 0.000031866974 0.999999999441 0.052845957688 -1.823664188106 0.133083618293 -1206.7693775044493 -3393.230622495551
0.999999984508 0.000174629085 -0.000022124056 -0.000174629541 0.999999984539 -0.000020642404 0.000022120451 0.000020646267 0.999999999542 -0.004045390340 1.425378730385 0.387388171509 -1206.8456141971592 -3393.154385802841
0.999999985707 0.000168452819 0.000014502907 -0.000168452920 0.999999985788 0.000006918958 -0.000014501741 -0.000006921401 0.999999999871 4.388315542584 -1.057227652803 -0.012230201861 -1207.9851474522466 -3392.0148525477534
0.999999992169 0.000123811354 0.000018234153 -0.000123811469 0.999999992316 0.000006294542 -0.000018233373 -0.000006296799 0.999999999814 0.910210329652 -2.382034941898 -0.084826252340 -1209.3694634021838 -3390.630536597816
0.999999990003 0.000140616250 0.000014890139 -0.000140616419 0.999999990050 0.000011299146 -0.000014888550 -0.000011301240 0.999999999825 2.270654254238 2.080036477194 -0.145588289992 -1212.4648997246009 -3387.535100275399
0.999999998545 -0.000053888183 -0.000002444562 0.000053888167 0.999999998527 -0.000006529969 0.000002444914 0.000006529837 0.999999999976 2.065731159688 -3.699131162995 0.159852959284 -1216.4344870925365 -3383.5655129074635
0.999999973253 -0.000230918229 0.000013056164 0.000230917922 0.999999973063 0.000023492210 -0.000013061588 -0.000023489194 0.999999999639 -1.005736214047 -1.997619241842 0.180898839646 -1220.219838741703 -3379.780161258297
0.999999992304 -0.000122718125 -0.000018242028 0.000122717672 0.999999992162 -0.000024842378 0.000018245077 0.000024840139 0.999999999525 -1.958268489808 -1.994425576922 0.156959835599 -1222.596279086619 -3377.403720913381
0.999999974929 0.000223748869 -0.000008808374 -0.000223748980 0.999999974889 -0.000012595000 0.000008805556 0.000012596971 0.999999999882 3.141560612524 0.377467999443 -0.117322301703 -1224.974670137509 -3375.025329862491
0.999999985660 0.000168353912 0.000018360267 -0.000168353595 0.999999985679 -0.000017301402 -0.000018363179 0.000017298310 0.999999999682 0.455716886877 0.457450334667 0.162762857986 -1225.7969101309939 -3374.2030898690064
0.999999994169 -0.000107991729 -0.000000058249 0.000107991727 0.999999993171 -0.000044665576 0.000000063073 0.000044665570 0.999999999002 -2.410782845927 -4.765100076646 0.269947806666 -1223.2201524148709 -3376.779847585129
0.999999999947 -0.000003551900 -0.000009667929 0.000003551697 0.999999999772 -0.000021073510 0.000009668004 0.000021073476 0.999999999731 -4.554588899418 -1.389986263490 0.068885571529 -1221.0982806411153 -3378.9017193588847
0.999999979522 -0.000202261117 0.000006773030 0.000202261403 0.999999978656 -0.000042168548 -0.000006764500 0.000042169917 0.999999999088 -1.921767465400 0.574169147849 0.275822119369 -1217.7695291101595 -3382.2304708898405
0.999999995175 0.000098129956 -0.000004578490 -0.000098129980 0.999999995172 -0.000005135993 0.000004577986 0.000005136443 0.999999999976 -1.412809983868 3.042285631491 0.223292680343 -1213.1827272301934 -3386.8172727698066
0.999999991806 0.000127499058 -0.000011499035 -0.000127499384 0.999999991469 -0.000028374732 0.000011495417 0.000028376198 0.999999999531 -2.121242654022 -1.109218076533 0.326657654521 -1210.3819359137447 -3389.6180640862553
0.999999891868 0.000464439596 0.000023653215 -0.000464439482 0.999999892136 -0.000004806494 -0.000023655445 0.000004795508 0.999999999709 2.513963721547 0.031014273139 -0.148346319444 -1205.8904757953533 -3394.1095242046467
0.999999899534 0.000446832895 0.000035675927 -0.000446833567 0.999999899992 0.000018842617 -0.000035667504 -0.000018858556 0.999999999186 2.981211480070 3.912223601892 0.233811870683 -1204.581814573275 -3395.418185426725
0.999999999567 -0.000014691982 0.000025506261 0.000014691963 0.999999999892 0.000000744906 -0.000025506272 -0.000000744531 0.999999999674 4.934089981420 -6.436665876765 0.171384453835 -1206.2184833280548 -3393.781516671945
0.999999988779 0.000148441911 0.000020169482 -0.000148441923 0.999999988982 0.000000556512 -0.000020169399 -0.000000559506 0.999999999796 -2.221220184795 3.690758817414 -0.238284868409 -1209.7040260786043 -3390.2959739213957
0.999999997512 -0.000064582399 0.000028368691 0.000064582088 0.999999997855 0.000010948708 -0.000028369398 -0.000010946875 0.999999999538 -4.120526777705 -5.204461018782 -0.191778759047 -1210.4889935875117 -3389.5110064124883
0.999999989881 0.000138470634 0.000032625355 -0.000138470402 0.999999990388 -0.000007117641 -0.000032626341 0.000007113123 0.999999999442 0.998931265050 -2.917352383447 -0.125878009476 -1209.4938490425793 -3390.5061509574207
0.999999978441 0.000205557253 0.000029397764 -0.000205558146 0.999999978412 0.000030371329 -0.000029391520 -0.000030377371 0.999999999107 3.608878838950 2.310530591520 0.123918643739 -1208.270951507626 -3391.729048492374
0.999999996835 0.000077348719 0.000018617207 -0.000077348760 0.999999997006 0.000002186507 -0.000018617038 -0.000002187947 0.999999999824 0.877336279310 -2.960671036898 0.236832829506 -1207.6232272305306 -3392.3767727694694
0.999999978945 0.000204634977 0.000015344757 -0.000204635196 0.999999978960 0.000014270588 -0.000015341836 -0.000014273727 0.999999999780 2.737362938081 -0.598934855095 0.219309606899 -1206.1928448109336 -3393.807155189066
0.999999968576 -0.000249455782 0.000024898641 0.000249455737 0.999999968884 0.000001803861 -0.000024899090 -0.000001797650 0.999999999688 0.003808405711 -5.500874927659 0.140556683334 -1206.5461142795236 -3393.453885720476
0.999999999087 0.000042621366 0.000003124172 -0.000042621341 0.999999999058 -0.000008211494 -0.000003124522 0.000008211360 0.999999999961 -0.685541321630 5.734699877125 0.110295317407 -1204.830194691379 -3395.169805308621
0.999999927414 0.000380989528 -0.000004318015 -0.000380989550 0.999999927410 -0.000005239419 0.000004316019 0.000005241064 0.999999999977 -0.132536265887 0.912423362726 -0.021001425887 -1203.841310460165 -3396.158689539835
0.999999951265 0.000312083931 0.000008617476 -0.000312083934 0.999999951302 0.000000290986 -0.000008617384 -0.000000293675 0.999999999963 3.280043623990 -0.914312278003 0.076845776355 -1202.5770313030794 -3397.4229686969206
0.999999848233 0.000550811327 -0.000011885559 -0.000550811576 0.999999848084 -0.000020949605 0.000011874018 0.000020956148 0.999999999710 3.092547636020 0.902824123560 -0.000146247024 -1202.245053234421 -3397.754946765579
0.999999967621 0.000254430059 -0.000004904521 -0.000254430132 0.999999967522 -0.000014906491 0.000004900729 0.000014907738 0.999999999877 -0.221233500533 -6.333827036844 0.224650923227 -1202.1420076980783 -3397.8579923019215
0.999999990003 0.000140854844 0.000012393826 -0.000140855018 0.999999989981 0.000014076552 -0.000012391843 -0.000014078298 0.999999999824 -0.397150727005 2.629797757534 0.049323865899 -1200.1451344487896 -3399.8548655512104
0.999999960530 0.000280960950 -0.000000704980 -0.000280960960 0.999999960424 -0.000014616480 0.000000700873 0.000014616677 0.999999999893 -2.628269412014 2.038017218746 0.280449502929 -1199.7378196569437 -3400.2621803430566
0.999999934442 -0.000362067824 -0.000004768746 0.000362067760 0.999999934365 -0.000013310989 0.000004773565 0.000013309261 0.999999999900 -1.413121105176 -3.759738495685 -0.040963931081 -1199.4253253198126 -3400.5746746801874
0.999999985593 0.000169681997 0.000004634687 -0.000169681910 0.999999985429 -0.000018690880 -0.000004637859 0.000018690094 0.999999999815 -0.898816807176 1.106381710251 -0.212024299543 -1199.5365702670995 -3400.4634297329003
0.999999996908 -0.000078469033 0.000005200974 0.000078469001 0.999999996901 0.000006299377 -0.000005201469 -0.000006298969 0.999999999967 -1.426132222830 0.175123703373 -0.012496871059 -1200.683883532621 -3399.3161164673793
0.999999963063 0.000269781961 0.000033044789 -0.000269783203 0.999999962902 0.000037589092 -0.000033034647 -0.000037598005 0.999999998748 5.284829470415 2.567816710626 -0.019546522362 -1201.876633531123 -3398.123366468877
0.999999975266 -0.000222116975 0.000011504141 0.000222117211 0.999999975122 -0.000020496386 -0.000011499589 0.000020498941 0.999999999724 -2.203843819299 -1.553780964987 -0.163534951650 -1201.7137202569975 -3398.2862797430025
0.999999977795 0.000209693526 0.000020945041 -0.000209693691 0.999999977983 0.000007857399 -0.000020943393 -0.000007861791 0.999999999750 1.731152076359 3.968860176976 0.143574239986 -1203.2521648659504 -3396.7478351340496
0.999999879113 0.000491679485 0.000005023892 -0.000491679514 0.999999879109 0.000005696410 -0.000005021091 -0.000005698879 0.999999999971 2.112659899699 1.325558231287 0.232413319462 -1203.0644987027792 -3396.935501297221
0.999999976810 0.000214915786 0.000013796965 -0.000214915865 0.999999976889 0.000005733959 -0.000013795732 -0.000005736924 0.999999999888 -1.352039729083 -5.296153306528 -0.041142828876 -1202.6118286933445 -3397.3881713066557
0.999999904241 -0.000437569001 0.000007134560 0.000437569036 0.999999904255 -0.000004899260 -0.000007132416 0.000004902381 0.999999999963 -3.425824934562 -2.030105900280 -0.155666042538 -1204.977731555234 -3395.0222684447663
0.999999999370 0.000031278694 -0.000016808836 -0.000031278718 0.999999999510 -0.000001432343 0.000016808791 0.000001432869 0.999999999858 -5.949838660783 1.845451498929 -0.152416435174 -1205.5605787718682 -3394.439421228132
0.999999962947 0.000270805384 -0.000027766115 -0.000270805270 0.999999963324 0.000004117921 0.000027767229 -0.000004110401 0.999999999606 -4.839678463577 7.194284580880 -0.271762546071 -1206.6514930368105 -3393.3485069631897
0.999999992054 -0.000124296612 -0.000021031088 0.000124296402 0.999999992225 -0.000009986636 0.000021032329 0.000009984022 0.999999999729 -0.745288763434 2.469320966416 -0.054031529731 -1203.7136607023513 -3396.2863392976487
0.999999972447 0.000234725820 -0.000003232155 -0.000234725846 0.999999972419 -0.000008159657 0.000003230239 0.000008160416 0.999999999961 -0.068999611418 -2.013415467422 -0.225166175512 -1203.9906769983347 -3396.0093230016655
0.999999891608 0.000465563064 -0.000005983822 -0.000465563001 0.999999891570 0.000010546569 0.000005988732 -0.000010543782 0.999999999926 1.046845947463 -9.939359112627 -0.107780407549 -1203.0535488258136 -3396.946451174186
0.999999930381 0.000372662595 -0.000019008122 -0.000372662399 0.999999930508 0.000010336439 0.000019011973 -0.000010329355 0.999999999766 1.776176331758 -8.267859395718 -0.341275849151 -1206.3998851058645 -3393.6001148941355
0.999999979262 0.000201123814 -0.000032020720 -0.000201124486 0.999999979554 -0.000020981358 0.000032016500 0.000020987797 0.999999999267 -4.326472100114 -12.701888424592 -0.782598671512 -1208.1348585607086 -3391.8651414392916
0.999999914282 0.000413978261 -0.000007597653 -0.000413978319 0.999999914281 -0.000007689147 0.000007594469 0.000007692291 0.999999999942 -2.722010659015 -8.644395347347 -0.293928660784 -1205.8945591198535 -3394.1054408801465
0.999999985434 0.000161353658 -0.000055646711 -0.000161354817 0.999999986765 -0.000020827597 0.000055643350 0.000020836575 0.999999998235 -8.593567102838 -14.149677383835 -0.784275874199 -1204.9287766807406 -3395.0712233192594
0.999999984494 0.000169987704 -0.000046003032 -0.000169987740 0.999999985552 -0.000000781551 0.000046002899 0.000000789371 0.999999998942 -14.982646176914 -9.201681110410 -1.375045859821 -1203.4223237848992 -3396.577676215101
0.999999942143 0.000336155244 -0.000052095677 -0.000336155827 0.999999943437 -0.000011194385 0.000052091911 0.000011211897 0.999999998580 -12.026892898055 -11.494908212083 -1.454285050141 -1200.9806519753702 -3399.01934802463
0.999999854560 0.000536548228 -0.000054738714 -0.000536547875 0.999999856037 0.000006461054 0.000054742173 -0.000006431683 0.999999998481 -7.048762097882 -16.401360612130 -1.650461337114 -1198.9649472033436 -3401.0350527966566
0.999999838158 0.000567310445 -0.000042925435 -0.000567307661 0.999999836980 0.000064828778 0.000042962206 -0.000064804415 0.999999996977 -8.999567284143 -30.374665239583 -1.861685259940 -1196.4215719399817 -3403.5784280600183
0.999999979501 0.000169960437 -0.000110052820 -0.000169958801 0.999999985446 0.000014874393 0.000110055347 -0.000014855688 0.999999993834 -13.864858213955 -35.678463347607 10.807284355902 -1364.0761858375179 -3635.923814162482
0.999999932064 0.000366678349 -0.000037672247 -0.000366675603 0.999999930119 0.000072879057 0.000037698968 -0.000072865238 0.999999996635 -14.074888695073 -48.679932174122 -1.882452898048 -1189.5054543817955 -3410.4945456182045
0.999999989021 0.000145965158 -0.000025533939 -0.000145964699 0.999999989185 0.000017996272 0.000025536565 -0.000017992545 0.999999999512 -15.865294735291 -68.747082354548 -1.538992805371 -1185.2427316378926 -3414.7572683621074
0.999999986862 -0.000156952057 0.000040518958 0.000156949492 0.999999985680 0.000063298432 -0.000040528892 -0.000063292072 0.999999997176 -10.665425541978 -83.950404694063 -1.209652966599 -1182.6573772847576 -3417.342622715242
0.999999982555 -0.000181593993 0.000043735127 0.000181592638 0.999999983032 0.000030989640 -0.000043740754 -0.000030981697 0.999999998563 -9.474830430286 -100.241059576091 -1.129115675114 -1180.139912059262 -3419.8600879407377
0.999999697743 -0.000776732980 0.000034629892 0.000776733393 0.999999698272 -0.000011893093 -0.000034620644 0.000011919988 0.999999999330 -9.611921173490 -118.395137610528 -1.442855255065 -1179.3831590879543 -3420.6168409120455
0.999999472979 -0.001025512474 0.000048632511 0.001025515369 0.999999472387 -0.000059529121 -0.000048571437 0.000059578963 0.999999997046 -12.766694505875 -125.925125579859 -2.063194997308 -1180.5915214327702 -3419.40847856723
0.999999668935 -0.000813244383 -0.000027639228 0.000813243534 0.999999668846 -0.000030711276 0.000027664194 0.000030688788 0.999999999146 -22.297034767929 -121.636424544282 -3.109101278906 -1182.7280671850747 -3417.271932814925
0.999999226482 -0.001239776596 -0.000099943584 0.001239782020 0.999999229999 0.000054233104 0.000099876270 -0.000054356970 0.999999993535 -22.061399034227 -142.633557487144 -2.601451090986 -1182.2326749109175 -3417.7673250890825
0.999998339202 -0.001822266610 -0.000030626931 0.001822268988 0.999998336641 0.000077794154 0.000030485118 -0.000077849835 0.999999996505 -27.977850913744 -152.474061570174 -3.633828578903 -1180.494398969919 -3419.505601030081
0.999996990666 -0.002453294251 0.000002359352 0.002453294356 0.999996989617 -0.000045873696 -0.000002246803 0.000045879346 0.999999998945 -24.511922787190 -157.940189454009 -3.611104510161 -1182.231379322761 -3417.7686206772387
0.999996019560 -0.002820167243 0.000086722549 0.002820168290 0.999996023246 -0.000011944559 -0.000086688519 0.000012189084 0.999999996168 -10.041219114705 -181.905000771304 -2.290776273859 -1180.9583051717195 -3419.0416948282805
0.999994887434 -0.003194031013 0.000152552515 0.003194033208 0.999994898963 -0.000014150777 -0.000152506539 0.000014637962 0.999999988264 -7.549103614691 -200.407818688372 -2.960264826119 -1177.5852611126647 -3422.4147388873353
0.999992475364 -0.003875628322 0.000169471543 0.003875639044 0.999992487699 -0.000062983832 -0.000169226168 0.000063640168 0.999999983656 -4.142375759545 -220.179685884358 -5.647039971701 -1180.3581179450061 -3419.641882054994
0.999987949541 -0.004904172796 0.000223296525 0.004904199552 0.999987967209 -0.000119430379 -0.000222708131 0.000120524031 0.999999967938 -6.697497753155 -240.581563307199 -6.596266212387 -1183.8925469532714 -3416.1074530467286
0.999983109503 -0.005800544928 0.000366589188 0.005800640636 0.999983142198 -0.000260554588 -0.000365071649 0.000262676639 0.999999898862 -13.298138361026 -245.306503537810 -8.439267382483 -1187.8457798778595 -3412.1542201221405
0.999979915433 -0.006329985459 0.000316250208 0.006330004313 0.999979963602 -0.000058650603 -0.000315872614 0.000060651290 0.999999948273 -22.165819676224 -245.794603371105 -8.131324349978 -1203.0781548435039 -3396.921845156496
0.999976698875 -0.006812372730 0.000439641926 0.006812504850 0.999976749701 -0.000299723451 -0.000437589876 0.000302711529 0.999999858440 -19.528473144530 -265.350225598319 -8.821452019268 -1413.6297185689878 -3586.3702814310122
0.999968465193 -0.007939212860 0.000193696245 0.007939266250 0.999968445317 -0.000276443345 -0.000191495391 0.000277972434 0.999999943030 -22.057130507215 -272.295501655944 -9.910391388734 -1427.7778827484212 -3572.2221172515788
0.999953222861 -0.009671606038 0.000110116161 0.009671638230 0.999953184901 -0.000295667576 -0.000107251426 0.000296718749 0.999999950228 -27.052387585066 -282.278951308978 -7.921851951958 -1438.5180606784477 -3561.481939321552
0.999942346572 -0.010737438406 0.000104638494 0.010737473551 0.999942293421 -0.000341305877 -0.000100967704 0.000342409752 0.999999936281 -27.400514819999 -285.822889311624 -12.046518850933 -1459.8351553125503 -3540.1648446874497
0.999932848619 -0.011586620491 0.000220175979 0.011586667824 0.999932849212 -0.000214932046 -0.000217670858 0.000217468719 0.999999952663 -34.775830795623 -287.820767220881 -12.131212434574 -1476.969960094457 -3523.030039905543
0.999919959576 -0.012652006327 0.000034312970 0.012652012496 0.999919942795 -0.000185956773 -0.000031957496 0.000186376017 0.999999982121 -39.458427023801 -300.894339163856 -10.659805762158 -1483.1743552022315 -3516.8256447977683
0.999896935258 -0.014356839251 0.000005304224 0.014356840149 0.999896900785 -0.000262565565 -0.000001534066 0.000262614656 0.999999965516 -43.821928086321 -308.842567507101 -11.162571067326 -1490.1995768310985 -3509.8004231689015
0.999867943613 -0.016251001723 -0.000016665500 0.016250997141 0.999867913640 -0.000245694277 0.000020656077 0.000245391001 0.999999969678 -44.736508577600 -312.509912557621 -10.822043595327 -1503.121225736934 -3496.8787742630657
0.999851729528 -0.017219371160 0.000110526446 0.017219402349 0.999851693703 -0.000287717058 -0.000105555748 0.000289577597 0.999999952501 -42.114867971970 -315.709401473653 -10.582639772737 -1515.7502286133422 -3484.249771386658
0.999841032611 -0.017824243897 0.000453693185 0.017824457017 0.999841021223 -0.000470118061 -0.000445241559 0.000478130162 0.999999786576 -40.200167973552 -320.813073540135 -13.711289932605 -1529.756335738617 -3470.243664261383
0.999824435331 -0.018713695870 0.000946626319 0.018714044227 0.999824811953 -0.000360488646 -0.000939714407 0.000378140564 0.999999486973 -41.572208555756 -322.583941588300 -17.352696105564 -1555.7771320898976 -3444.2228679101027
0.999807158557 -0.019625862536 0.000686452649 0.019626065156 0.999807348266 -0.000289689285 -0.000680635000 0.000303105785 0.999999722431 -43.148133723182 -337.294280761339 -15.738435899790 -1576.578041486449 -3423.421958513551
0.999770242507 -0.021434074187 0.000206544964 0.021434108201 0.999770249679 -0.000163897312 -0.000202984523 0.000168286762 0.999999965238 -53.042968594065 -346.273317126628 -14.248817650996 -1584.265966879997 -3415.734033120003
0.999725526059 -0.023427143624 -0.000203687586 0.023427100655 0.999725525581 -0.000210845570 0.000208571188 0.000206015889 0.999999957028 -64.398826078630 -342.690012825358 -12.786342773315 -1586.8979625547486 -3413.1020374452514
0.999706980160 -0.024205124655 -0.000256438562 0.024205094030 0.999707006364 -0.000121863282 0.000259313143 0.000115620454 0.999999959694 -68.696182972885 -340.710243546734 -1.879333924374 -1585.5799658820392 -3414.4200341179608
0.999693465816 -0.024758220223 -0.000070255537 0.024758212536 0.999693462613 -0.000108261659 0.000072914367 0.000106489071 0.999999991672 -64.875685120167 -349.589167307699 -8.667543382674 -1583.0782453622614 -3416.9217546377386
0.999659190034 -0.026103032764 0.000368049472 0.026103058836 0.999659254914 -0.000066211021 -0.000366195753 0.000075795673 0.999999930078 -59.037575026475 -359.000693523493 -14.868045845444 -1583.6407821967607 -3416.3592178032395
0.999606250069 -0.028059149659 0.000170130293 0.028059183841 0.999606243182 -0.000201974020 -0.000164396084 0.000206668210 0.999999965131 -62.467120371545 -366.975526766702 -14.949130931504 -1581.9378830411786 -3418.062116958821
0.999559762360 -0.029667498115 0.000347887526 0.029667548375 0.999559811574 -0.000140211205 -0.000343574674 0.000150470448 0.999999929658 -60.844648299379 -363.859807304227 -12.674127034831 -1584.7841716989496 -3415.2158283010504
0.999540760750 -0.030301254213 0.000318736750 0.030301301742 0.999540799559 -0.000145359778 -0.000314185802 0.000154951162 0.999999938639 -62.500059383071 -365.600640382028 -7.182683264447 -1585.5752174365496 -3414.42478256345
0.999533258854 -0.030547282672 0.000357722202 0.030547289726 0.999533322549 -0.000014270318 -0.000357119342 0.000025191102 0.999999935916 -64.445631090868 -364.801986706837 -13.818416295472 -1488.3636249043166 -3311.6363750956834
0.999518205370 -0.031037674468 0.000141059577 0.031037680297 0.999518214369 -0.000039323623 -0.000139771102 0.000043682839 0.999999989278 -68.472921870082 -373.741260650042 -11.998524127294 -1475.3799941873124 -3324.620005812688
0.999483783407 -0.032125551293 0.000340088010 0.032125632372 0.999483810872 -0.000235688476 -0.000332340838 0.000246492352 0.999999914396 -75.159439771261 -381.137226371209 -15.870103433618 -1468.9972739781065 -3331.0027260218935
0.999447818987 -0.033221525975 0.000622361071 0.033221780694 0.999447922839 -0.000403509153 -0.000608612290 0.000423962286 0.999999724923 -73.792890772313 -385.370695071914 -10.896820941036 -1473.5794997687171 -3326.420500231283
0.999436636262 -0.033562030647 -0.000013979680 0.033562026432 0.999436608783 -0.000235385890 0.000021871832 0.000234784096 0.999999972199 -63.429466874558 -373.194075393667 -14.073890431943 -1372.9876094698882 -3227.0123905301116
0.999413860354 -0.034228142613 -0.000608264426 0.034227978995 0.999414012561 -0.000277399846 0.000617402872 0.000256417589 0.999999776532 -97.478463202522 -399.395396618268 -16.879822950669 -1371.2164626622273 -3228.783537337773
0.999349249976 -0.035769310904 -0.004651125766 0.035759789393 0.999358177284 -0.002114464037 0.004723773489 0.001946764772 0.999986947950 -106.060884464041 -397.858638910556 -28.874651268251 -1482.3207325456362 -3317.679267454364
0.999308234295 -0.037185151555 -0.000563359621 0.037184959971 0.999308340038 -0.000346818681 0.000575866473 0.000325630258 0.999999781171 -95.520992472086 -397.031017352150 -10.225353372244 -1503.9224068424123 -3296.0775931575877
0.999294250651 -0.037563272582 0.000034197356 0.037563280692 0.999294211798 -0.000279660678 -0.000023668250 0.000280747873 0.999999960310 -91.862915177603 -400.123425025474 -13.147310135542 -1515.878798163609 -3284.1212018363913
0.999293088140 -0.037593590644 0.000214330057 0.037593642105 0.999293080043 -0.000241352735 -0.000205105227 0.000249239567 0.999999947906 -86.777313681012 -406.528321140396 -14.202369694921 -1528.6763995164101 -3271.32360048359
0.999265700122 -0.038310583832 0.000599772299 0.038310841071 0.999265780537 -0.000423443130 -0.000583109581 0.000446109977 0.999999730485 -77.603298878332 -411.222682605785 -15.867484063485 -1533.5339805895626 -3266.466019410437
0.999205306507 -0.039849186751 0.000893175679 0.039849580768 0.999205598427 -0.000427766243 -0.000875420002 0.000463018976 0.999999509627 -76.819114207267 -420.937558106827 -15.509713709794 -1541.1942243953777 -3258.8057756046223
0.999138012339 -0.041486656770 0.001445548252 0.041486870526 0.999139042179 -0.000118187865 -0.001439400477 0.000178057262 0.999998948210 -62.472464909307 -405.029233242245 -11.971483506884 -1537.6496122566637 -3262.3503877433363
0.999139101822 -0.041459868135 0.001461008383 0.041459578079 0.999140155972 0.000228274615 -0.001469216379 -0.000167505303 0.999998906672 -72.981363697443 -417.756135880233 -26.056956585105 -1423.1833378376443 -3176.816662162356
0.999168799267 -0.040760899584 0.000509545252 0.040760921566 0.999168927757 -0.000032826104 -0.000507783762 0.000053568353 0.999999869643 -81.065229455328 -421.482669860387 -19.327314397838 -1394.4480724499228 -3205.5519275500774
0.999155317252 -0.041092160930 -0.000293798890 0.041092071625 0.999155317933 -0.000303803654 0.000306034672 0.000291474231 0.999999910693 -102.237166387710 -438.918780498590 -11.816070836769 -1373.4441012430188 -3226.555898756981
0.999120024192 -0.041937052600 -0.000678880500 0.041937032070 0.999120254707 -0.000044454375 0.000680147544 0.000015945023 0.999999768573 -111.131260126138 -439.921209167721 -12.176968499020 -1380.9459037015054 -3219.0540962984946
0.999076122886 -0.042966248967 -0.000895616441 0.042966344033 0.999076516430 0.000087168280 0.000891044060 -0.000125569111 0.999999595136 -106.657168315504 -446.110566352452 -3.130562205270 -1387.7863975596097 -3212.2136024403903
0.999059846132 -0.043349442080 -0.000499717298 0.043349232294 0.999059890549 -0.000423267764 0.000517595931 0.000401207466 0.999999785563 -110.848508638742 -454.384601994651 -14.435053754857 -1394.224193370024 -3205.7758066299757
0.999037795538 -0.043857268539 -0.000151933104 0.043857209071 0.999037739386 -0.000374826037 0.000168225751 0.000367802015 0.999999918211 -100.699676174664 -455.532698738893 -12.389627131992 -1497.812537041886 -3302.1874629581143
0.999053137258 -0.043506608074 -0.000063162599 0.043506592311 0.999053112878 -0.000232540428 0.000073219837 0.000229572254 0.999999970968 -98.703576406943 -454.327588825281 -12.692137890370 -1500.5000798160256 -3299.4999201839746
0.999121349139 -0.041910958565 0.000035302433 0.041910964416 0.999121332282 -0.000185581447 -0.000027493518 0.000186897944 0.999999982157 -89.475754053109 -470.088478264591 -10.599108758712 -1500.0311167982945 -3299.9688832017055
0.999221171587 -0.039459476052 0.000001119381 0.039459475273 0.999221145378 -0.000229000648 0.000007917736 0.000228866466 0.999999973779 -96.900650766941 -476.129831633137 -13.112713398762 -1497.8512816325722 -3302.148718367428
0.999292267123 -0.037616018780 0.000000126552 0.037616018223 0.999292251725 -0.000175543036 0.000006476768 0.000175423558 0.999999984592 -90.391023321372 -481.837336641453 -15.097564813664 -1495.1169531324933 -3304.883046867507
0.999344633434 -0.036198008122 -0.000088516508 0.036197983890 0.999344604005 -0.000261550737 0.000097926110 0.000258175207 0.999999961878 -86.673259631706 -496.981394394600 -13.253795507728 -1489.7670840962833 -3310.2329159037167
0.999384083100 -0.035092070047 -0.000032664899 0.035092060946 0.999384053511 -0.000246670351 0.000041300953 0.000245372143 0.999999969043 -76.651612042762 -501.861484725713 -14.819108185858 -1488.2863786336088 -3311.713621366391
0.999451028195 -0.033130650927 -0.000047005936 0.033130641240 0.999451010847 -0.000193723364 0.000053398312 0.000192059679 0.999999980131 -80.276556907553 -503.282548869009 -13.786037092683 -1586.3124442378512 -3413.687555762149
0.999537980122 -0.030394393796 -0.000084379458 0.030394384201 0.999537977616 -0.000112752664 0.000087767522 0.000110135908 0.999999990083 -73.409622355627 -510.283674387133 -13.830448828708 -1580.3411889889232 -3419.658811011077
0.999631035470 -0.027161571822 -0.000204795659 0.027161553308 0.999631052658 -0.000092649483 0.000207236606 0.000087052730 0.999999974737 -69.753340343046 -517.409660850032 -12.608338953783 -1572.1352085501956 -3427.864791449804
0.999715545485 -0.023849258253 -0.000202473766 0.023849211170 0.999715540227 -0.000231853179 0.000207945697 0.000226958388 0.999999952624 -64.547904829954 -538.719344335877 -11.009284392991 -1560.858691848794 -3439.141308151206
0.999779063323 -0.021019049656 -0.000155219873 0.021019028443 0.999779066425 -0.000137049307 0.000158066225 0.000133756456 0.999999978562 -54.463579842080 -546.223922431872 -9.313623849413 -1551.0176274892883 -3448.9823725107117
0.999828058825 -0.018543246537 -0.000028194887 0.018543244581 0.999828056937 -0.000068129104 0.000029453374 0.000067594565 0.999999997282 -56.295260572651 -571.471916692394 -8.196606432542 -1547.7057747097006 -3452.2942252902994
0.999868009542 -0.016246939144 0.000021536870 0.016246940330 0.999868008180 -0.000056101117 -0.000020622556 0.000056443621 0.999999998194 -41.840483576921 -567.633947759036 -11.655304909078 -1540.2742964626493 -3459.7257035373505
0.999912308497 -0.013242820226 0.000055039447 0.013242825401 0.999912305454 -0.000094743574 -0.000053779948 0.000095464144 0.999999993997 -38.710515411217 -573.670671182796 -12.672022891244 -1536.9260903937143 -3463.0739096062857
0.999942962079 -0.010679314118 -0.000157599786 0.010679294831 0.999942967175 -0.000122713914 0.000158901298 0.000121023860 0.999999980052 -39.047408824680 -582.238336366245 -11.483048381265 -1525.9068068173065 -3474.0931931826935
0.999969633217 -0.007778728108 -0.000473321367 0.007778740158 0.999969744864 0.000023624532 0.000473123278 -0.000027305659 0.999999887704 -42.876682279225 -594.351533114982 -2.787207539419 -1516.1604379788137 -3483.8395620211863
0.999984876703 -0.005458784346 -0.000669356986 0.005458858729 0.999985094341 0.000109349607 0.000668750093 -0.000113001879 0.999999770002 -38.902211461351 -598.139634480182 1.709845215650 -1498.8282673491647 -3501.171732650835
0.999993076888 -0.003717254467 -0.000167915039 0.003717257957 0.999993090763 0.000020476549 0.000167837762 -0.000021100590 0.999999985693 -31.873070944124 -606.470410535363 -4.285358404253 -1483.672188514966 -3516.327811485034
0.999997472473 -0.002248194498 0.000025854221 0.002248196807 0.999997468785 -0.000089633821 -0.000025652641 0.000089691720 0.999999995649 -21.093538025505 -640.317779867186 -11.037920116178 -1480.28018129158 -3519.71981870842
0.999999039015 -0.001378438335 0.000147911404 0.001378456354 0.999999042512 -0.000121791051 -0.000147743381 0.000121994823 0.999999981645 -23.100579578662 -638.949633170386 -14.691728664296 -1483.6280339586617 -3516.371966041338
0.999999701623 -0.000769894384 0.000063370077 0.000769899824 0.999999699941 -0.000085861796 -0.000063303953 0.000085910559 0.999999994306 -29.561254525642 -650.060681903476 -17.857885985718 -1480.0309654614844 -3519.9690345385156
0.999999835299 -0.000565423692 0.000098473498 0.000565429525 0.999999838391 -0.000059217897 -0.000098439999 0.000059273567 0.999999993398 -26.774841754516 -648.053685497959 -19.822246224502 -1477.3228817075467 -3522.677118292453
0.999999972314 0.000126770995 -0.000198246257 -0.000126758719 0.999999990048 0.000061937986 0.000198254107 -0.000061912855 0.999999978431 -28.312542745878 -663.832212872489 -6.983040993714 -1474.7865654395955 -3525.2134345604045
0.999999631855 0.000848264219 -0.000129372825 -0.000848270878 0.999999638896 -0.000051426247 0.000129329156 0.000051535972 0.999999990309 -29.092919035341 -663.673185107872 -13.995873861589 -1468.190459860104 -3531.809540139896
0.999998165678 0.001913370242 -0.000087497159 -0.001913380825 0.999998162161 -0.000121029298 0.000087265425 0.000121196491 0.999999988848 -28.728741744827 -680.767200046347 -13.322199026489 -1458.7504152488154 -3541.2495847511846
0.999994913481 0.003188845950 0.000065367904 -0.003188838954 0.999994909931 -0.000106852248 -0.000065708307 0.000106643256 0.999999992155 -23.985884212851 -683.927705768627 -13.739681260988 -1458.5134686679094 -3541.4865313320906
0.999993489375 0.003607419655 0.000087924189 -0.003607404325 0.999993478176 -0.000173892227 -0.000088550918 0.000173573916 0.999999981015 -24.608984876389 -701.947265869073 -21.728237797205 -1464.6183054522753 -3535.3816945477247
0.999992971051 0.003749199396 -0.000036766441 -0.003749201775 0.999992969617 -0.000064833663 0.000036523108 0.000064971052 0.999999997222 -26.295989155371 -685.649984539188 -13.682351110501 -1469.2675735291161 -3530.732426470884
0.999993090093 0.003717350534 0.000032734295 -0.003717349292 0.999993089914 -0.000037926251 -0.000032875054 0.000037804304 0.999999998745 -20.718757821273 -685.965572315420 -17.327611539945 -1472.7025649451034 -3527.2974350548966
0.999992847912 0.003781949327 0.000031372234 -0.003781947251 0.999992846236 -0.000065973407 -0.000031621518 0.000065854288 0.999999997332 -26.327766924183 -718.928408002077 -16.127947804794 -1483.0154856050249 -3513.0
0.999992929196 0.003760324365 0.000038965973 -0.003760320604 0.999992925346 -0.000096159957 -0.000039327290 0.000096012753 0.999999994617 -26.743184947095 -725.002428391339 -16.657562347607 -1471.5933672203928 -3528.406632779607
0.999992165129 0.003956799971 -0.000115819047 -0.003956803647 0.999992171325 -0.000031526149 0.000115693398 0.000031984175 0.999999992796 -27.266696524187 -700.582548750433 -13.052593598719 -1475.3225429662934 -3524.6774570337066
0.999993134429 0.003705195206 -0.000051222519 -0.003705198069 0.999993134167 -0.000055907895 0.000051015017 0.000056097301 0.999999997125 -32.265210724068 -733.435983346271 -19.091311303083 -1474.6995678342769 -3525.300432165723
0.999993550615 0.003591272812 -0.000038569980 -0.003591273022 0.999993551344 -0.000005385579 0.000038550390 0.000005524060 0.999999999242 -29.210782988162 -727.314634340434 -18.531443824256 -1474.3730882658167 -3525.6269117341835
0.999993257442 0.003671742114 -0.000058148330 -0.003671743034 0.999993259005 -0.000015716620 0.000058090231 0.000015930019 0.999999998186 -29.261673256015 -734.757153231814 -15.867838223569 -1473.262772919722 -3526.737227080278
0.999992275874 0.003930367078 -0.000020170597 -0.003930368498 0.999992273564 -0.000070828320 0.000019892060 0.000070907051 0.999999997288 -35.153937132421 -745.873319520306 -18.876798635706 -1470.014467048671 -3529.9855329513293
0.999993341556 0.003649136097 0.000025495839 -0.003649132013 0.999993329347 -0.000158420886 -0.000026073768 0.000158326794 0.999999987126 -25.907465422247 -754.852771835976 -19.918417818190 -1533.7604306190506 -3586.2395693809494
0.999993407815 0.003630693801 -0.000048881111 -0.003630701812 0.999993395398 -0.000164815323 0.000048282395 0.000164991710 0.999999985223 -36.192360146284 -758.036687134808 -13.739844458802 -1532.267906695736 -3575.610881183052
0.999995229352 0.003086920097 0.000110445263 -0.003086892638 0.999995204799 -0.000247938545 -0.000111210100 0.000247596430 0.999999963164 -29.382321257098 -777.032598217438 -21.990971359652 -1484.2252888448807 -3515.7747111551193
0.999995175119 0.003104999811 0.000093358283 -0.003104983027 0.999995163438 -0.000179387933 -0.000093914831 0.000179097192 0.999999979552 -24.709592207123 -777.141564490633 -18.959709357232 -1497.3407650521383 -3502.6592349478615
0.999997472398 0.002248076665 0.000036738050 -0.002248070486 0.999997459079 -0.000167375485 -0.000037114229 0.000167292472 0.999999985318 -31.749236545607 -780.185089194343 -23.010892914642 -1507.071541798136 -3492.928458201864
0.999998721705 0.001598598731 0.000032708295 -0.001598597432 0.999998721455 -0.000039679782 -0.000032771685 0.000039627444 0.999999998678 -36.953327813556 -784.832907556246 -17.624786386884 -1537.8007043764483 -3530.0780835023397
0.999999293949 0.001181430377 0.000127763827 -0.001181428501 0.999999302004 -0.000014755873 -0.000127781171 0.000014604918 0.999999991729 -42.902255114036 -781.316450043748 -18.707618898653 -1507.726388380809 -3492.273611619191
0.999999590301 0.000891981367 0.000154167426 -0.000891947906 0.999999578675 -0.000216976063 -0.000154360900 0.000216838465 0.999999964577 -37.801477982298 -790.218008287156 -22.150447940589 -1509.262713991214 -3490.737286008786
