0.999999063520 0.000738598573 0.001152142130 -0.000739790057 0.999999191711 0.001034063891 -0.001151377441 -0.001034915266 0.999998801639 -50.080830386763 -1056.105428935532 -14.395158593001 -1366.0724861819594 -3633.9275138180406
0.999999083358 -0.000244566636 0.001331716946 0.000242576731 0.999998854266 0.001494196816 -0.001332080851 -0.001493872403 0.999997996951 -16.470690166785 -1057.999265086355 -20.223355878672 -1354.2001483854758 -3645.7998516145244
0.999999765271 -0.000319474024 0.000606130499 0.000319624299 0.999999918207 -0.000247844938 -0.000606051269 0.000248038614 0.999999785589 -20.022837855772 -1065.352572930364 -19.016045620724 -1337.2702630261315 -3662.7297369738685
0.999999408564 -0.000935388703 0.000554905317 0.000936433114 0.999997785165 -0.001884876400 -0.000553140996 0.001885394917 0.999998069659 -58.882486386353 -1064.503607520973 -13.679384567304 -1333.659582488271 -3666.340417511729
0.999998817687 -0.001079881245 -0.001094751415 0.001079141658 0.999999189278 -0.000675940629 0.001095480463 0.000674758438 0.999999172311 -27.933693089202 -1072.315883681145 -28.750394108995 -1346.5283366678352 -3653.471663332165
0.999996037763 -0.001473908528 -0.002398343774 0.001475119412 0.999998785409 0.000503193119 0.002397599200 -0.000506728969 0.999996997367 -87.795270601912 -1067.371565183366 -7.899998427744 -1327.4790265794445 -3672.5209734205555
0.999995464893 -0.001451415102 -0.002638860885 0.001452914977 0.999998784028 0.000566551739 0.002638035374 -0.000570383210 0.999996357710 -40.775257316371 -1068.596676377327 -23.938701786617 -1302.5579598335764 -3697.442040166424
0.999995935743 -0.001497621308 -0.002426031238 0.001497054291 0.999998851678 -0.000235521160 0.002426381173 0.000231888302 0.999997029447 -82.318288017003 -1074.680680858781 -21.925576366576 -1289.9706471388158 -3710.029352861184
0.999985268950 -0.001218732904 -0.005289288456 0.001208559810 0.999997414740 -0.001926109085 0.005291622194 0.001919688290 0.999984156640 -76.029861406437 -1096.736354942208 -11.070647707430 -1302.7844206643088 -3697.2155793356915
0.999998394365 -0.001249411077 -0.001284616545 0.001248739038 0.999999083135 -0.000523813114 0.001285269825 0.000522208122 0.999999037690 -65.441952408000 -1064.404340316768 -7.473508488774 -1224.7610200301551 -3575.238979969845
0.999997973486 -0.000819840187 0.001838718396 0.000819138213 0.999999591355 0.000382494192 -0.001839031229 -0.000380987252 0.999998236405 -67.769291209951 -1030.596888952924 -9.646010918478 -1132.4773880338687 -3467.522611966131
0.999990256332 -0.000005089893 0.004414432544 -0.000003879779 0.999997935710 0.002031886136 -0.004414433773 -0.002031883465 0.999988192042 -79.493088514079 -1063.832644493409 -42.919132917684 -1229.0484929001339 -3570.951507099866
0.999999993842 0.000041966313 0.000102735714 -0.000041956380 0.999999994446 -0.000096688289 -0.000102739772 0.000096683978 0.999999990048 -98.433496228972 -1083.774786663540 -6.633326538673 -1319.4657585376726 -3680.5342414623274
0.999999677907 -0.000636975456 0.000488310592 0.000637561727 0.999999075080 -0.001201396914 -0.000487544880 0.001201707855 0.999999159099 -99.337258656043 -1123.270181676359 3.727642379580 -1339.4188793963826 -3660.5811206036174
0.999998884539 -0.000978583323 0.001128403646 0.000980630065 0.999997872586 -0.001814714128 -0.001126625396 0.001815818650 0.999997716756 -87.089324962353 -1080.693811801761 -6.963433766015 -1268.235810570578 -3531.764189429422
0.999994930763 -0.001101709935 0.002987420895 0.001106960002 0.999997845010 -0.001756307205 -0.002985479516 0.001759605257 0.999993995333 -16.733000368076 -1072.383643987211 -27.488175832570 -1296.1684889806631 -3503.831511019337
0.999999504465 0.000052189308 0.000994156010 -0.000051611320 0.999999829653 -0.000581402898 -0.000994186184 0.000581351300 0.999999336812 -59.670854667599 -1065.010217511661 -16.903639386067 -1413.057549830921 -3586.942450169079
0.999999978581 -0.000192540035 0.000075935204 0.000192557684 0.999999954437 -0.000232479115 -0.000075890439 0.000232493732 0.999999970094 -27.713230608242 -1067.973435050817 -17.840970152235 -1416.2899930522622 -3583.710006947738
0.999999997125 -0.000070196614 0.000028695027 0.000070211137 0.999999869305 -0.000506419647 -0.000028659474 0.000506421661 0.999999871358 -45.206427089702 -1061.906692677586 -11.950346755761 -1423.4846680649396 -3576.51533193506
0.999999985139 0.000172021814 0.000011452472 -0.000172019095 0.999999957116 -0.000237019029 -0.000011493243 0.000237017055 0.999999971845 -50.347825892619 -1063.296567007712 -11.173020676220 -1431.5250069609392 -3568.474993039061
0.999999934926 -0.000311693520 -0.000181645759 0.000311694247 0.999999951415 0.000003972681 0.000181644512 -0.000004029299 0.999999983495 -29.514437953361 -1059.455107625915 -16.664063990872 -1437.8479529145875 -3562.1520470854125
0.999999785996 0.000567863113 -0.000324867194 -0.000567868428 0.999999838630 -0.000016268226 0.000324857903 0.000016452704 0.999999947098 -42.738102673635 -1062.694629899529 -13.203683911128 -1435.7515782480396 -3564.2484217519604
0.999999844260 0.000518879414 0.000205531860 -0.000518821497 0.999999825722 -0.000281746712 -0.000205678017 0.000281640034 0.999999939188 -52.187309267314 -1065.572911972160 -3.690640810193 -1433.6601499909862 -3566.339850009014
0.999999552644 0.000932109598 -0.000160886470 -0.000932113751 0.999999565251 -0.000025742842 0.000160862404 0.000025892795 0.999999986726 -48.546464764530 -1058.817616034251 -13.574063416530 -1426.642856526555 -3573.357143473445
0.999999443104 0.000880316122 -0.000582095796 -0.000880380946 0.999999606291 -0.000111115057 0.000581997750 0.000111627462 0.999999824409 -72.396303622940 -1071.011450261711 -2.801751182000 -1423.6569625235654 -3576.343037476435
0.999999553900 0.000876388669 -0.000352337920 -0.000876496054 0.999999569444 -0.000304738568 0.000352070699 0.000305047255 0.999999891496 -33.133560070143 -1053.656109228892 -18.156041953874 -1432.2919390451377 -3567.708060954862
0.999999222788 0.001243444719 0.000090931332 -0.001243422523 0.999999197244 -0.000243747222 -0.000091234346 0.000243633966 0.999999966159 -44.891416417093 -1054.775991257019 -6.188459914163 -1447.070418898556 -3552.929581101444
0.999999167337 0.001268178396 0.000238849179 -0.001268166987 0.999999194728 -0.000047912554 -0.000238909749 0.000047609613 0.999999970328 -32.460885011039 -1049.318324362496 -12.980357706757 -1445.5173460712458 -3554.482653928754
0.999998249685 0.001866530862 0.000129183978 -0.001866523336 0.999998256341 -0.000058348949 -0.000129292663 0.000058107722 0.999999989953 -43.064063125475 -1048.385767061649 -7.620749936172 -1441.0634014727225 -3558.9365985272775
0.999998798224 0.001516344766 0.000322876308 -0.001516222516 0.999998778889 -0.000378537623 -0.000323449907 0.000378047615 0.999999876230 -42.372876911980 -1048.269851167329 -8.890198860820 -1439.74599629777 -3560.25400370223
0.999998799650 0.001542563435 0.000145592672 -0.001542462857 0.999998573443 -0.000688419266 -0.000146654395 0.000688193869 0.999999752441 -19.279849860629 -1064.330667312819 -21.282323940595 -1462.1640308467827 -3580.1889103296876
0.999999226186 0.001215571220 0.000264600192 -0.001215531543 0.999999249983 -0.000150057866 -0.000264782399 0.000149736120 0.999999953735 -24.883841275915 -1041.151129299112 -7.654996606854 -1470.671107245661 -3592.359195784642
0.999998514367 0.000864614559 0.001491209223 -0.000865085890 0.999999576057 0.000315456830 -0.001490935843 -0.000316746385 0.999998838390 -14.995352045898 -1061.237428817971 -12.510835049663 -1460.2978337080717 -3580.992488872574
0.999998019886 0.001322374718 0.001487128104 -0.001322675793 0.999999104965 0.000201488990 -0.001486860329 -0.000203455579 0.999998873925 -6.554781277661 -1049.817889976417 -16.043859335250 -1427.345477205106 -3572.654522794894
0.999998605192 0.001590143406 0.000510937764 -0.001590026808 0.999998709794 -0.000228529670 -0.000511300500 0.000227716947 0.999999843358 -40.691492914120 -1039.124480802985 -17.200270975305 -1356.8683709396646 -3263.0
0.999998578271 0.001650831419 -0.000343817728 -0.001650923323 0.999998601529 -0.000267192252 0.000343376157 0.000267759488 0.999999905199 -41.032081936352 -1039.361351396460 -19.879329861546 -1404.9733624196497 -3595.0266375803503
0.999999031839 0.001109763489 -0.000839491884 -0.001109708894 0.999999382128 0.000065495642 0.000839564050 -0.000064563987 0.999999645482 -60.178853599193 -1038.653050153105 -26.620520257441 -1407.468449844005 -3592.5315501559953
0.999999576268 0.000627300066 -0.000673763874 -0.000627196287 0.999999791419 0.000154228691 0.000673860481 -0.000153806044 0.999999761128 -53.787959084954 -1042.432125418735 20.672161561696 -1413.4384243950576 -3586.5615756049424
0.999999069647 0.000849687881 -0.001067115196 -0.000849902492 0.999999618697 -0.000200676723 0.001066944276 0.000201583480 0.999999410497 -51.728384901640 -1024.006709089703 -21.603396507040 -1123.6137860266865 -3276.3862139733137
0.999998285348 0.001474328997 -0.001120560191 -0.001474674639 0.999998865330 -0.000307690895 0.001120105282 0.000309342830 0.999999324835 -27.955215812562 -1039.035953045087 -32.428545327828 -1127.4770740732545 -3272.5229259267453
0.999995996182 0.002166690186 -0.001820185237 -0.002167200665 0.999997612829 -0.000278528742 0.001819577407 0.000282472333 0.999998304672 -90.186354971183 -1040.992820059970 -15.033216633669 -1134.0453906123228 -3265.954609387677
0.999979456244 0.003017111578 -0.005655451109 -0.003020248675 0.999995289846 -0.000546244707 0.005653776389 0.000563314354 0.999983858614 -69.960622140417 -1031.211627162446 -40.780000071441 -1131.9646276570784 -3268.0353723429216
0.999987766559 0.003445582720 -0.003548900231 -0.003443909733 0.999993955763 0.000477413275 0.003550523748 -0.000465185342 0.999993588671 -65.333887874570 -1036.260728883931 65.293493998330 -1429.4257830410747 -3570.5742169589253
0.999992499894 0.003738204850 -0.001012906963 -0.003738421912 0.999992989501 -0.000212487494 0.001012105540 0.000216272573 0.999999464434 -105.988445926326 -1046.160429172086 4.282608363058 -1009.1192649771792 -3190.8807350228208
0.999990816951 0.004238943751 -0.000630372316 -0.004239261970 0.999990887111 -0.000504335096 0.000628228724 0.000507002778 0.999999674138 -65.854136747946 -1030.760466350879 -22.729363752452 -1000.2269328896436 -3199.7730671103564
0.999985272197 0.005395184942 -0.000589379900 -0.005395415458 0.999985368500 -0.000390228644 0.000587265921 0.000393402846 0.999999750176 -61.440725949230 -1032.466654057823 -12.028735613128 -1104.4599937690357 -3295.5400062309645
0.999981666993 0.006040283662 -0.000425030401 -0.006040345071 0.999981746675 -0.000143347732 0.000424156782 0.000145912434 0.999999899400 -66.410380749684 -1014.433593585823 -5.107443240414 -1110.4730035508635 -3289.5269964491363
0.999978464490 0.006549197904 -0.000422566663 -0.006549221317 0.999978552160 -0.000054047452 0.000422203633 0.000056813771 0.999999909258 -18.857382387903 -1030.868533217865 -24.644951687187 -1122.6724696043464 -3277.3275303956534
0.999971190438 0.007574707630 -0.000492034045 -0.007574765215 0.999971304410 -0.000115276255 0.000491146742 0.000118999976 0.999999872307 -55.493350605798 -998.802332537469 -4.437948979168 -1129.4035156773966 -3270.5964843226034
0.999965492166 0.008296059646 -0.000435742570 -0.008296210101 0.999965526474 -0.000344617391 0.000432868582 0.000348220511 0.999999845684 -11.465903127124 -987.813189977645 -20.474478698893 -1035.0788555405363 -3164.921144459464
0.999961631414 0.008725226770 -0.000778535829 -0.008725705400 0.999961742099 -0.000613518069 0.000773152960 0.000620287803 0.999999508739 -9.508993459532 -1006.071327833815 -27.985183820346 -1029.1294193381777 -3170.8705806618223
0.999958083045 0.009137026227 -0.000588985912 -0.009137222539 0.999958199769 -0.000331480758 0.000585932544 0.000336848559 0.999999771608 -19.550447126689 -1019.847797588562 -20.801656882245 -1129.6443722988738 -3270.355627701126
0.999954948531 0.009483708145 -0.000400235175 -0.009483773678 0.999955014859 -0.000162157392 0.000398679317 0.000165945826 0.999999906758 -14.280077433591 -1024.821365278507 -21.592105779357 -1129.1240450823066 -3270.8759549176934
0.999950163536 0.009977485751 -0.000346729856 -0.009977508761 0.999950221328 -0.000064697280 0.000346067080 0.000068153556 0.999999937796 -15.599058874198 -1029.171598713976 -19.714092685067 -1111.9062396844174 -3288.0937603155826
0.999945419774 0.010447149228 0.000120605489 -0.010447188941 0.999945371025 0.000333478931 -0.000117114996 -0.000334720718 0.999999937123 -20.640227466236 -1019.619558257737 7.972235721820 -1103.4468487988654 -3296.553151201135
0.999942453289 0.010727233304 -0.000128745993 -0.010727256491 0.999942444988 -0.000180774873 0.000126799368 0.000182145561 0.999999975372 -24.840838916775 -1006.482099712316 -7.185578947604 -887.9681645143203 -3112.03183548568
0.999941875627 0.010780853968 0.000136216425 -0.010780761544 0.999941666807 -0.000661939469 -0.000143344752 0.000660432478 0.999999771641 -46.759275139932 -985.477789589795 -13.904666270728 -779.661055318667 -3020.338944681333
0.999933519868 0.011530568747 -0.000042765860 -0.011530576082 0.999933505313 -0.000175409799 0.000040740442 0.000175891252 0.999999983701 -14.586362970423 -1024.210391030595 -21.695543472474 -772.5017899499608 -3027.4982100500392
0.999930129654 0.011816774279 0.000315682605 -0.011816769524 0.999930179398 -0.000016926387 -0.000315860579 0.000013194855 0.999999950029 -54.178588468972 -1007.456612597708 -11.108194587197 -770.1995404605807 -3029.8004595394195
0.999929389303 0.011867489680 0.000615708116 -0.011867318346 0.999929541363 -0.000281183549 -0.000619001677 0.000273856891 0.999999770920 -19.893315052550 -986.902526058591 -17.852719698179 -767.8583340350269 -3032.141665964973
0.999926947218 0.012077316385 0.000488525185 -0.012077244059 0.999927056068 -0.000150730682 -0.000490309972 0.000144819632 0.999999869312 -43.954207991885 -990.565892525163 -19.913313499094 -768.6248730497796 -3031.3751269502204
0.999930702902 0.011760547559 0.000528123570 -0.011760336691 0.999930764594 -0.000400623366 -0.000532798555 0.000394384693 0.999999780293 -32.721226885999 -953.270794908347 -21.834820034361 -771.7802132637048 -3028.219786736295
0.999929217626 0.011897301403 0.000118143592 -0.011897261346 0.999929169247 -0.000334157129 -0.000122110792 0.000332727891 0.999999937191 -27.636965091784 -988.603808199481 -24.502895564682 -870.6236748476872 -3129.376325152313
0.999928677690 0.011924445286 -0.000668683142 -0.011924650559 0.999928852664 -0.000303839002 0.000665012455 0.000311791145 0.999999730272 -40.751491546571 -997.451380180388 -8.603543389839 -869.030413489389 -3130.969586510611
0.999927925971 0.012002448558 -0.000289984635 -0.012002591703 0.999927842770 -0.000497036650 0.000283998054 0.000500481394 0.999999834432 -43.282271482677 -979.106453010260 -20.716243664348 -754.2152402708102 -3045.78475972919
0.999916553308 0.012909043744 -0.000492960970 -0.012909205412 0.999916619531 -0.000326191100 0.000488709051 0.000332527615 0.999999825294 -63.051410724994 -892.967967933498 19.888105410562 -740.0716341772991 -3059.928365822701
0.999912018087 0.013259739354 0.000367964355 -0.013259587080 0.999912002425 -0.000413226577 -0.000373411252 0.000408311165 0.999999846923 -53.320593886154 -865.039729436202 -6.681402125824 -500.0 -2366.474333643807
0.999915023458 0.013035991860 -0.000093693624 -0.013036053552 0.999914788199 -0.000691121173 0.000084676190 0.000692283839 0.999999756786 -22.090076122805 -881.659975169117 -15.237625304534 -500.0 -2366.5146871245984
0.999910050767 0.013412220707 -0.000052063830 -0.013412256136 0.999909767896 -0.000753293664 0.000041955791 0.000753924200 0.999999714919 -36.773407445305 -902.709714388741 -16.626351897626 -500.0 -2372.917308911992
0.999903240261 0.013902159106 0.000489988500 -0.013902068610 0.999903343973 -0.000187615242 -0.000492549397 0.000180785235 0.999999862356 -54.292994077744 -913.669888847035 -5.317064513983 -500.0 -2282.2359602182987
0.999936617362 0.011255411855 0.000277420732 -0.011255353280 0.999936634073 -0.000211805047 -0.000279787106 0.000208669154 0.999999939088 -26.519031534944 -675.637991828452 -8.417543976862 -500.0 -2287.278358159073
0.999983361706 0.005763907750 -0.000231684761 -0.005763890564 0.999983385849 0.000074777404 0.000232111922 -0.000073440755 0.999999970365 -9.685554599687 -13.835820042739 2.001360689438 -500.0 -2290.4521472129177
0.999983841488 0.005662709515 -0.000500483250 -0.005662904184 0.999983890199 -0.000388405180 0.000498275762 0.000391233093 0.999999799329 -69.455954342773 -137.045097894558 -3.817908862484 -500.0 -2295.42117408348
0.999989750733 0.004511158655 -0.000384547842 -0.004511306201 0.999989750398 -0.000383686467 0.000382813030 0.000385417348 0.999999852454 -11.257440892302 -106.467266099756 -3.506764625126 -500.0 -2294.5514300764835
0.999911181268 0.013312871865 0.000630093869 -0.013312431817 0.999911142378 -0.000697500992 -0.000639323621 0.000689050959 0.999999558237 -49.103957260779 -938.651987071727 -3.576926299020 -500.0 -2304.385281033744
0.999913361818 0.013146325979 0.000665560344 -0.013145682329 0.999913128646 -0.000962391044 -0.000678154432 0.000953558419 0.999999315416 -38.167195170717 -899.494699765268 -5.411903904423 -500.0 -2303.7941840714993
0.999983720960 0.005705700907 0.000052833336 -0.005705665023 0.999983507324 -0.000656100104 -0.000056575975 0.000655787974 0.999999783371 -13.484106295887 -290.482444887585 -8.031336917742 -500.0 -2303.983718407195
0.999898246248 0.014264582457 -0.000137249448 -0.014264626015 0.999898203263 -0.000321801653 0.000132645110 0.000323726721 0.999999938803 -19.867385041725 -916.216775145391 -17.438678732295 -500.0 -2304.6265288042623
0.999986644626 0.005153762582 -0.000386394722 -0.005153708273 0.999986709558 0.000141418340 0.000387118423 -0.000139425086 0.999999915350 -32.207662289321 -33.477470241128 -0.888587732073 -500.0 -2312.3636615296123
0.999915104105 0.013003264162 0.000836483422 -0.013003054404 0.999915424017 -0.000255713995 -0.000839737792 0.000244815447 0.999999617453 -40.700284361518 -929.392765977956 -2.305266323609 -500.0 -2320.4998596750947
0.999994923269 0.003184315741 -0.000116491678 -0.003184350477 0.999994885177 -0.000299220165 0.000115538270 0.000299589596 0.999999948448 -8.993889381026 -156.473183443744 -1.992236879948 -500.0 -2315.168574202101
0.999994744195 0.003231587194 -0.000261586373 -0.003231680086 0.999994714929 -0.000355468509 0.000260436263 0.000356312004 0.999999902607 -28.427556996467 -131.101300405075 -3.071196724473 -500.0 -2309.969098549949
0.999916408552 0.012926318941 -0.000293577699 -0.012926569192 0.999916072411 -0.000867147043 0.000282344040 0.000870869509 0.999999580934 -24.457665924713 -888.610240673736 -17.197605668471 -500.0 -2313.321611558501
0.999921717823 0.012491138846 -0.000727789232 -0.012492028495 0.999921213888 -0.001230951518 0.000712355906 0.001239946720 0.999998977540 -37.461198796502 -933.396038785524 -20.844079138964 -500.0 -2229.122466235147
0.999920554228 0.012604439232 -0.000115516595 -0.012604543787 0.999920104370 -0.000954123783 0.000103481170 0.000955504016 0.999999538152 -44.685491156338 -772.699572999063 -19.752091165378 -500.0 -2348.5650561577145
0.999955757181 0.009381415996 0.000687542285 -0.009381593459 0.999955959282 0.000255344492 -0.000685116512 -0.000261783437 0.999999731042 -37.769288044826 -696.368131870707 -9.669444091506 -500.0 -2358.6218034485764
0.999910240518 0.013372328252 0.000831711417 -0.013372414645 0.999910580424 0.000098399708 -0.000830321212 -0.000109512866 0.999999649287 -30.978460103967 -955.357854345529 -13.198868065945 -500.0 -2161.371212089083
0.999944332183 0.010548242299 0.000259075595 -0.010547912074 0.999943594758 -0.001244529454 -0.000272188580 0.001241727468 0.999999192013 -32.315635807517 -625.699810065472 -5.811100458845 -500.0 -2250.5023391999857
0.999930616593 0.011779633795 0.000047189104 -0.011779417558 0.999925312570 -0.003258006210 -0.000085563699 0.003257224298 0.999994691570 11.575847018195 -898.843173759193 -13.316846473597 -500.0 -2250.419453178585
0.999913930121 0.013035442443 0.001486469021 -0.013031569309 0.999911741061 -0.002586172710 -0.001520049732 0.002566579095 0.999995551050 2.849921640691 -992.963271272279 -11.604914353032 -500.0 -2459.4211436367086
0.999916470284 0.012900611446 0.000791630435 -0.012900383376 0.999916743800 -0.000292534927 -0.000795338406 0.000282298155 0.999999643872 -41.713815557908 -937.972651377384 -11.189459625563 -500.0 -2451.365886179344
0.999908291626 0.013514869501 0.000869850913 -0.013515360525 0.999908505906 0.000561111725 -0.000862187975 -0.000572816615 0.999999464256 -4.541127732246 -983.383894207357 -13.519120562959 -500.0 -2446.2019615348863
0.999910827257 0.013352811847 0.000199875766 -0.013352843380 0.999910834445 0.000157265476 -0.000197758008 -0.000159920362 0.999999967659 -15.285170981598 -938.628514083924 -43.470053455725 -500.0 -2440.484709099386
0.999902210898 0.013973806117 0.000548984132 -0.013973690440 0.999902340324 -0.000213984983 -0.000551920703 0.000206292723 0.999999826413 -8.338609063867 -961.845441745262 -17.441096599518 -771.8833660304595 -3228.1166339695405
0.999906929192 0.013636493148 0.000423093714 -0.013636428881 0.999907007658 -0.000154414297 -0.000425160039 0.000148630438 0.999999898574 6.408988443618 -950.401325269442 -25.765317137366 -774.5191543418357 -3225.480845658164
0.999913529263 0.013150426187 -0.000016989990 -0.013150423317 0.999913516761 0.000159261646 0.000019082879 -0.000159024449 0.999999987174 2.179573078832 -971.598829925409 -19.980998460900 -777.6886974205875 -3222.3113025794128
0.999912944183 0.013191899993 0.000278978432 -0.013191755477 0.999912853072 -0.000513663095 -0.000285730312 0.000509938162 0.999999829161 -33.433463236153 -871.104026646178 -14.238889256084 -774.8045969354644 -3225.1954030645356
0.999918936832 0.012728935345 0.000306545640 -0.012728609465 0.999918444480 -0.001042539702 -0.000319791060 0.001038553291 0.999999409570 2.064769614578 -905.290186556122 -20.358477711210 -774.1407880903755 -3225.8592119096247
0.999919011787 0.012722857766 -0.000314256003 -0.012723093195 0.999918770198 -0.000758883686 0.000304575307 0.000762820533 0.999999662669 -91.265401498660 -971.508876623429 -24.749125965126 -774.5530209742835 -3225.4469790257162
0.999927472496 0.012036202089 -0.000423777856 -0.012036452622 0.999927383035 -0.000593688214 0.000416601332 0.000598745937 0.999999733973 -81.334356625525 -1026.968712401394 -22.748872301042 -766.4155713405194 -3233.5844286594806
0.999939286609 0.010971545998 -0.001023852394 -0.010972440662 0.999939420455 -0.000872334134 0.001014219515 0.000883515331 0.999999095379 -51.906885712531 -1040.090410086564 -4.391076180207 -756.5352656333048 -3243.464734366695
0.999986129139 0.005264949652 -0.000147766595 -0.005265125859 0.999985396690 -0.001218546610 0.000141348851 0.001219307718 0.999999246654 -45.995703637091 -524.683188567647 -7.054213663981 -500.0 -2439.9252629256443
0.999943045960 0.010669674939 -0.000250743077 -0.010669920012 0.999942577485 -0.000997266022 0.000240088174 0.000999884632 0.999999471294 -67.893733475752 -902.225314120195 -17.882357704866 -500.0 -2439.3692174276484
0.999942740045 0.010664048023 -0.000891465515 -0.010664139150 0.999943131695 -0.000097530636 0.000890374748 0.000107031764 0.999999597888 -61.075534916257 -878.761662817474 -17.264781150023 -500.0 -2439.8297008954682
0.999955043182 0.009477748087 -0.000289664814 -0.009477685867 0.999955062522 0.000215421757 0.000291693510 -0.000212666721 0.999999934844 -60.698199266377 -932.498773529230 -12.632353541259 -500.0 -2437.048476785499
0.999957568494 0.009211978157 -0.000025888990 -0.009211992864 0.999957363163 -0.000641126511 0.000019981843 0.000641337796 0.999999794143 -3.809750025665 -608.883799235142 -1.027965604490 -500.0 -2438.5535680500043
0.999962804470 0.008590945867 0.000765065277 -0.008590240706 0.999962679742 -0.000920264881 -0.000772942670 0.000913658556 0.999999283894 -26.815050766438 -941.757972602573 -0.071462176190 -500.0 -2431.661267539873
0.999969434199 0.007797367989 0.000575951172 -0.007796776677 0.999969082541 -0.001021878418 -0.000583901327 0.001017356621 0.999999312022 3.829481230755 -869.334387792032 -8.139072686671 -500.0 -2414.746543136735
0.999972722757 0.007358464189 0.000637766813 -0.007358156399 0.999972811455 -0.000483617056 -0.000641308152 0.000478911076 0.999999679684 -26.820466304506 -981.968913164473 -5.821313189520 -500.0 -2402.9691425121036
0.999978770132 0.006381618888 0.001316900036 -0.006381966035 0.999979601357 0.000259575263 -0.001315216663 -0.000267974163 0.999999099197 -0.067985585140 -957.026503714475 -11.867111114776 -500.0 -2393.1021204617427
0.999989362082 0.004516115690 0.000938307808 -0.004516388659 0.999989759303 0.000289001479 -0.000936993035 -0.000293236167 0.999999518028 -33.976123418304 -971.999945257328 -8.390539202043 -500.0 -2385.524239700947
0.999989802720 0.004497784257 0.000405452863 -0.004497466266 0.999989580726 -0.000781816052 -0.000408965078 0.000779984569 0.999999612186 -30.054247309781 -886.212347079839 -4.260537281534 -500.0 -2374.377208185537
0.999992784827 0.003796983087 -0.000114947391 -0.003797002764 0.999992776661 -0.000171451249 0.000114295564 0.000171886468 0.999999978696 -15.697814072970 -920.622433590641 -31.376715312123 -500.0 -2357.1024703217417
0.999991644866 0.004087433252 -0.000055572544 -0.004087451369 0.999991591924 -0.000329881375 0.000054223708 0.000330105769 0.999999944045 -18.143504800730 -955.575804796096 -13.229108478359 -1364.2983809350096 -3635.70161906499
0.999994516832 0.003309890004 0.000104563927 -0.003309861491 0.999994485484 -0.000271693867 -0.000105462627 0.000271346285 0.999999957624 -22.829915187639 -976.481526908408 -13.251922086589 -1384.8726712101582 -3615.127328789842
0.999995900869 0.002862696400 0.000056704533 -0.002862718531 0.999995824748 0.000394118337 -0.000055576055 -0.000394279051 0.999999920728 -38.625510947429 -953.390036207100 -13.684420080357 -1400.663317163649 -3599.336682836351
0.999997823890 0.001945908265 -0.000752101811 -0.001945520470 0.999997974344 0.000516002310 0.000753104381 -0.000514537957 0.999999584042 -49.548486439896 -959.782585467724 -6.830716963478 -1416.350014447421 -3583.649985552579
0.999998674062 0.001605224541 0.000274096106 -0.001605136317 0.999998659993 -0.000321791664 -0.000274612287 0.000321351276 0.999999910661 -49.142066963027 -972.803176297024 -11.455460217526 -1424.3583598127432 -3575.6416401872566
0.999999040061 0.001352650064 0.000300357000 -0.001352544937 0.999999024083 -0.000349936518 -0.000300830049 0.000349529936 0.999999893665 -36.839719903852 -962.625696054131 -12.151731061670 -1429.9863412959521 -3570.013658704048
0.999987146173 0.000806201720 0.005005749545 -0.000798760876 0.999998573500 -0.001488280707 -0.005006942259 0.001484263180 0.999986363653 -122.025500792226 -978.663419978603 140.896149447869 -1427.7042486787427 -3572.2957513212573
0.999999749156 0.000698821857 0.000115483163 -0.000698858739 0.999999704713 0.000319642334 -0.000115259756 -0.000319722960 0.999999942246 -50.942576090767 -811.670937606866 -19.233388396202 -500.0 -2281.963887155676
0.999998694151 0.000711299482 0.001451120233 -0.000713519500 0.999998575113 0.001529921901 -0.001450029933 -0.001530955306 0.999997776792 -41.366430747634 -955.394151705822 -4.140773630234 -500.0 -2291.9423800759214
0.999999470584 -0.000165181597 0.001015650456 0.000165146524 0.999999985764 0.000034616941 -0.001015656160 -0.000034449192 0.999999483628 3.060041986791 -981.246537803694 -45.217167815153 -500.0 -2297.0063798032998
0.999999394679 -0.000996822242 0.000465818584 0.000997422257 0.999998670994 -0.001289635388 -0.000464532427 0.001290099226 0.999999059926 -0.611307653200 -953.055171879389 -19.348991261037 -1390.31220869112 -3609.68779130888
0.999996418029 -0.002673062637 -0.000136623823 0.002672873645 0.999995495906 -0.001365252692 0.000140272614 0.001364882623 0.999999058709 -52.007629968974 -973.940146750479 -10.686907402931 -1398.0565265967575 -3601.9434734032425
0.999995475996 -0.002986119072 0.000362049010 0.002986349649 0.999995337319 -0.000638009084 -0.000360142151 0.000639087402 0.999999730932 -35.827052037460 -946.433269243784 -13.282551753696 -1408.9784133317985 -3591.0215866682015
0.999992744581 -0.003729986593 0.000773294974 0.003730079732 0.999993036143 -0.000119037368 -0.000772845581 0.000121920956 0.999999693922 -47.309850884265 -943.994090999973 -14.934742817298 -1415.6645856844311 -3584.335414315569
0.999987671533 -0.004787124616 0.001319174008 0.004787546292 0.999988489491 -0.000316679285 -0.001317642840 0.000322990988 0.999999079747 -27.032432774292 -971.475151790488 -20.750613934011 -1414.6623873859755 -3585.3376126140247
0.999989035527 -0.004626169372 0.000726211648 0.004626382387 0.999989255627 -0.000291917832 -0.000724853384 0.000295274364 0.999999693700 -67.117186620882 -943.367686516728 -17.795368257774 -1421.9617930717425 -3578.0382069282578
0.999989957857 -0.004466719683 -0.000364142362 0.004466608898 0.999989978297 -0.000304484529 0.000365498760 0.000302854990 0.999999887345 -58.801894357912 -941.535771386225 -15.190069767291 -1427.622714775755 -3572.377285224245
0.999986480564 -0.005167385350 -0.000580359580 0.005167122998 0.999986547886 -0.000452644540 0.000582690762 0.000449639631 0.999999729148 -82.469429764367 -932.271377602784 -11.721373483866 -1423.4962560411348 -3576.503743958865
0.999969829477 -0.006516403105 0.004228075991 0.006512564329 0.999978368844 0.000921058854 -0.004233986524 -0.000893495448 0.999990637468 -96.920355837622 -932.610717731136 91.427429263668 -1420.7940982452437 -3579.2059017547563
0.999967504604 -0.008061134793 -0.000088550651 0.008061055685 0.999967139280 -0.000860081705 0.000095480975 0.000859339945 0.999999626209 -59.281956080820 -911.908455752657 -17.491256384508 -827.0255478154934 -2972.974452184507
0.999977306435 -0.006731548631 0.000269942624 0.006731891729 0.999976507326 -0.001290902642 -0.000261246508 0.001292690571 0.999999130350 -20.907883073744 -1015.785108341595 -22.605653059919 -1448.4508195319806 -3551.5491804680196
0.999965171849 -0.008287029107 0.000990069774 0.008287141674 0.999965655040 -0.000109647762 -0.000989127116 0.000117848792 0.999999503869 -65.387557164875 -919.135069818179 -23.609243479347 -1460.5009269132893 -3539.4990730867107
0.999945589977 -0.008302962169 0.006314895470 0.008287471328 0.999962594684 0.002475288414 -0.006335211485 -0.002422819219 0.999976997257 -78.809729647545 -938.138689125695 84.752584149875 -1458.8159181966498 -3541.18408180335
0.999955189914 -0.009455075625 0.000468731667 0.009454811648 0.999955144213 0.000562225838 -0.000474026529 -0.000557768875 0.999999732096 -84.031351610160 -918.225992532610 -15.757495481773 -846.3076799085952 -2953.692320091405
0.999948330968 -0.010160195397 0.000325306654 0.010160422359 0.999948133892 -0.000703806546 -0.000318138970 0.000707075434 0.999999699416 -66.424334996147 -890.178492997634 -14.756244297814 -836.8967695257807 -2963.1032304742193
0.999952784966 -0.009717315668 0.000040189296 0.009717329786 0.999952718126 -0.000367442313 -0.000036616843 0.000367815497 0.999999931685 -38.226450605446 -905.037084123730 -24.136174841485 -832.8605413933676 -2967.1394586066326
0.999955415748 -0.009440762417 0.000196270446 0.009440842674 0.999955349339 -0.000412090602 -0.000192371233 0.000413925188 0.999999895830 -44.847924646175 -913.675139650183 -18.524167203581 -1447.5985422580225 -3552.4014577419775
0.999949758981 -0.009354723599 0.003601202563 0.009351273355 0.999955801792 0.000973729981 -0.003610152371 -0.000940005231 0.999993041571 -118.704460074032 -916.909959829454 90.599071780600 -1450.6515909378063 -3549.3484090621937
0.999949567260 -0.010042343169 -0.000119499391 0.010042340278 0.999949574123 -0.000024763127 0.000119742045 0.000023561825 0.999999992553 -75.463661094230 -895.298429221358 -20.581090557294 -769.6841026133861 -2880.7401398108564
0.999945550704 -0.010434241382 -0.000149109326 0.010434120816 0.999945252839 -0.000787684413 0.000157320052 0.000786085700 0.999999678660 -64.971397691225 -903.050961915008 -12.592131110172 -1436.7388685293536 -3563.2611314706464
0.999938916690 -0.011047469169 -0.000341047554 0.011047104664 0.999938424672 -0.001052778778 0.000352657094 0.001048946883 0.999999387672 -69.749440547724 -923.826990063758 -10.682266920713 -1440.2830932272564 -3559.7169067727436
0.999938097433 -0.011111741500 -0.000574893359 0.011111140281 0.999937729970 -0.001038626233 0.000586398507 0.001032174219 0.999999295376 -83.270395917414 -896.446595381819 -6.969608727529 -1446.2309787797294 -3553.7690212202706
0.999938384583 -0.011094544102 -0.000371657819 0.011094370811 0.999938347396 -0.000465126811 0.000376795276 0.000460974843 0.999999822764 -61.823845902476 -893.567740724668 -11.019412215137 -1438.15817817175 -3561.84182182825
0.999941999562 -0.010765627864 -0.000314275076 0.010765529333 0.999942000852 -0.000313543210 0.000317632337 0.000310141686 0.999999901461 -58.206284913307 -907.035204447707 -10.177127501690 -1433.0729208452888 -3566.9270791547115
0.999945651452 -0.010417945984 -0.000400679964 0.010417720480 0.999945576803 -0.000560832040 0.000406500876 0.000556627387 0.999999762461 -69.114551931072 -896.557811965896 -12.907146117498 -1438.3960378122629 -3561.603962187737
0.999943147262 -0.010632134982 -0.000812372652 0.010632010869 0.999943466259 -0.000156944102 0.000813995377 0.000148298025 0.999999657710 -73.231586652045 -900.013515428654 -7.971768497514 -1430.7134971261073 -3569.2865028738925
0.999937521199 -0.011175580078 -0.000245170219 0.011175725555 0.999937369469 0.000600247755 0.000238446747 -0.000602950207 0.999999789797 -81.937369475641 -893.031572374283 -7.297097116823 -1413.962217215253 -3586.037782784747
0.999928711271 -0.011937326359 0.000269470615 0.011937120606 0.999928466770 0.000752658655 -0.000278436071 -0.000749388295 0.999999680445 -63.734477663714 -883.944774076194 -12.458742999871 -1405.2423334837138 -3594.757666516286
0.999927739918 -0.012013460893 -0.000437835223 0.012013270111 0.999927743102 -0.000435793965 0.000443038980 0.000430502642 0.999999809192 -85.551017602363 -897.690148958612 -8.208669104591 -1386.07659999933 -3613.92340000067
0.999922268874 -0.012448702874 -0.000697141113 0.012447369238 0.999920750346 -0.001885742903 0.000720560918 0.001876918750 0.999997978982 -66.272369058716 -895.474871837779 -15.404539769463 -1382.96405446463 -3617.03594553537
0.999923245626 -0.012360673673 -0.000846524352 0.012358935097 0.999921566647 -0.002029107355 0.000871539090 0.002018489473 0.999997583057 -59.894377634264 -899.242791789253 -15.245125923551 -1403.1733324059646 -3596.8266675940354
0.999928552999 -0.011949239008 -0.000323394153 0.011948878301 0.999928009798 -0.001095230305 0.000336458041 0.001091287857 0.999999347943 -42.546390176238 -909.593188106377 -16.561435764050 -1427.0693328847071 -3572.9306671152926
0.999926520971 -0.012090209949 0.000882882415 0.012089643940 0.999926710434 0.000643638824 -0.000890599437 -0.000632917796 0.999999403124 -47.837283161416 -913.579815701168 -21.220146467919 -1454.372234793265 -3545.6277652067347
0.999925795047 -0.012153321506 0.000837362553 0.012152410808 0.999925568923 0.001084216620 -0.000850477060 -0.001073960192 0.999999061649 -66.886389882466 -881.963781386452 -14.806232469205 -1460.3094181131885 -3539.6905818868117
0.999927506249 -0.012029376106 -0.000525697312 0.012029316299 0.999927638338 -0.000116780964 0.000527064074 0.000110448719 0.999999855002 -87.713870761769 -897.741840665814 -9.892821214145 -1454.3592886775468 -3545.640711322453
0.999923442179 -0.012292098196 -0.001419191162 0.012289455144 0.999922758733 -0.001856302940 0.001441899400 0.001838719739 0.999997270014 -109.304526750361 -898.266947274724 -15.700507298617 -1446.1879520731854 -3553.8120479268146
0.999907752214 -0.013562023477 -0.000747383705 0.013560568449 0.999906210443 -0.001918671886 0.000773334681 0.001908359945 0.999997880056 -54.132709408085 -905.259913547280 -14.702265072397 -1457.1011028603466 -3542.8988971396534
0.999910388557 -0.013331833499 0.001215347976 0.013331590484 0.999911108798 0.000207838336 -0.001218010808 -0.000191617189 0.999999239866 -49.544249953469 -893.081417855764 -22.638159724706 -1489.4611870075103 -3510.5388129924895
0.999921994318 -0.012212699223 0.002618254553 0.012207111045 0.999923200950 0.002139775996 -0.002644185915 -0.002107647758 0.999994283035 -51.576137183811 -909.120517126587 -23.688844154505 -1517.8774502490567 -3482.122549750943
0.999930906638 -0.011726552288 0.000818486823 0.011726045246 0.999931054385 0.000621561528 -0.000825719166 -0.000611920969 0.999999471870 -72.155231942321 -896.997508058319 -16.956690322041 -1537.7599121924313 -3462.2400878075687
0.999926871167 -0.012088291684 -0.000354291877 0.012088074678 0.999926751482 -0.000608376362 0.000361620157 0.000604049165 0.999999752178 -99.311551040413 -908.068816705501 -8.134733916277 -1540.8660731830128 -3459.1339268169872
0.999921970597 -0.012477675482 -0.000600276002 0.012477096005 0.999921697556 -0.000959600212 0.000612202579 0.000952035633 0.999999359418 -94.697251226065 -908.129957277628 -5.693071346491 -1539.0162773046661 -3460.983722695334
0.999916408971 -0.012929403875 0.000074738151 0.012929416157 0.999916397783 -0.000166259757 -0.000072582263 0.000167212180 0.999999983386 -81.564483961742 -903.436387542518 -4.046581754133 -1532.0671109237135 -3467.9328890762863
0.999914257904 -0.013083298100 0.000551498428 0.013083177862 0.999914387129 0.000221066076 -0.000554343486 -0.000213831769 0.999999823490 -75.546291528505 -892.270110725249 -13.103518341782 -1529.2785331812147 -3470.7214668187853
0.999916434999 -0.012905160331 0.000761482874 0.012905227850 0.999916720566 -0.000083820905 -0.000760337736 0.000093641011 0.999999706559 -56.883896639928 -896.256571802234 -18.998252590274 -1542.9231540301307 -3457.0768459698693
0.999916634789 -0.012893152768 0.000700060400 0.012893332895 0.999916845420 -0.000253402261 -0.000696735033 0.000262407248 0.999999722851 -69.059410471578 -907.204576341997 -21.087854971806 -1548.9962987487777 -3451.003701251222
0.999915523769 -0.012996712553 0.000175469496 0.012996785120 0.999915450452 -0.000418954569 -0.000170009628 0.000421199716 0.999999896844 -80.821753564716 -908.443837018260 -14.546028856131 -1549.2363896152056 -3450.7636103847944
0.999910164298 -0.013399621739 -0.000336854536 0.013399530750 0.999910185552 -0.000270935012 0.000340454708 0.000266396979 0.999999906562 -70.299489552506 -893.521234627715 -8.690719497133 -1545.9387226205 -3454.0612773795
0.999903898110 -0.013858991657 -0.000350564427 0.013859064969 0.999903937003 0.000207568408 0.000347654062 -0.000212406955 0.999999917010 -53.011800708166 -918.252163565910 -1.834117719346 -1529.8343294243502 -3470.1656705756495
0.999903537271 -0.013889261100 -0.000067667545 0.013889268090 0.999903534060 0.000103951079 0.000066217213 -0.000104880905 0.999999992308 -68.520339740499 -896.305138738946 -9.788969478157 -1516.6776114974973 -3483.3223885025027
0.999905359074 -0.013757620277 0.000027906748 0.013757636081 0.999905127863 -0.000680237885 -0.000018545646 0.000680557438 0.999999768249 -72.642430378568 -901.352286996447 -7.604938234860 -1511.123112039466 -3488.876887960534
0.999912575009 -0.013221915904 0.000152572171 0.013222037256 0.999912245653 -0.000823847447 -0.000141665941 0.000825792737 0.999999648998 -38.081951269222 -902.188433016146 -13.637739279643 -1513.1034789455464 -3486.896521054454
0.999913500607 -0.013150724873 0.000223022577 0.013150871828 0.999913298553 -0.000670780650 -0.000214181988 0.000673655569 0.999999750157 -63.419818194862 -898.891171127472 -16.322874096584 -1529.7048295345573 -3470.2951704654424
0.999915355334 -0.013007869139 -0.000278401560 0.013007677017 0.999915164609 -0.000681119421 0.000287237854 0.000677440410 0.999999729284 -66.865920437813 -899.923254719132 -9.683382572400 -1537.732213602933 -3462.267786397067
