0.999999976456 0.000214781646 0.000030937854 -0.000214781284 0.999999976866 -0.000011708391 -0.000030940368 0.000011701746 0.999999999453 30.109328982289 -5.527728733728 1.935942492410 -1319.7413365964233 -3480.258663403577
0.999999994664 0.000103284997 -0.000002031205 -0.000103284989 0.999999994658 0.000004038814 0.000002031622 -0.000004038604 0.999999999990 -2.250120483877 5.836935590296 -0.413453330309 -1323.0063194039176 -3476.9936805960824
0.999999983418 0.000178982724 -0.000033612885 -0.000178982964 0.999999983957 -0.000007161091 0.000033611603 0.000007167107 0.999999999409 -24.773550366855 -1.659342751900 -1.335547898161 -1322.9237076303375 -3477.0762923696625
0.999999949779 0.000315669798 -0.000028191447 -0.000315669824 0.999999950176 -0.000000902122 0.000028191161 0.000000911021 0.999999999602 -19.039561626826 -16.542902799930 -0.603077492281 -1319.1691899688976 -3480.8308100311024
0.999999968160 0.000252272731 -0.000006240514 -0.000252272715 0.999999968176 0.000002613896 0.000006241174 -0.000002612321 0.999999999977 -8.055807719390 -8.988277388265 -0.484534529223 -1316.4433212231243 -3483.5566787768757
0.999999954453 0.000301796281 -0.000003495387 -0.000301796341 0.999999954317 -0.000016904909 0.000003490285 0.000016905963 0.999999999851 -0.688578914009 -2.921256182988 0.473729916622 -1315.1954304510982 -3484.804569548902
0.999999997327 0.000072890228 0.000005771420 -0.000072890162 0.999999997279 -0.000011377048 -0.000005772249 0.000011376627 0.999999999919 24.622385781545 -2.706669213795 1.291128524081 -1316.17822761329 -3483.82177238671
0.999999941907 0.000340630336 0.000012557566 -0.000340630251 0.999999941963 -0.000006713399 -0.000012559852 0.000006709121 0.999999999899 15.304153685010 -8.864127816833 1.051823518012 -1321.1440662484383 -3478.8559337515617
0.999999964218 -0.000267513179 -0.000000617347 0.000267513170 0.999999964112 -0.000014589089 0.000000621249 0.000014588923 0.999999999893 -6.778063076453 5.975813902070 -0.026821448428 -1322.4539340433212 -3477.546065956679
0.999999998921 -0.000044676948 -0.000012725231 0.000044676916 0.999999998999 -0.000002538522 0.000012725344 0.000002537953 0.999999999916 -15.766651002082 4.016497167241 -0.130603851012 -1321.0998062893811 -3478.9001937106186
0.999999999089 -0.000041968962 -0.000007800870 0.000041969038 0.999999999071 0.000009806811 0.000007800459 -0.000009807138 0.999999999921 -14.426861469413 -1.383888093320 -0.780863586954 -1319.094604042849 -3480.905395957151
0.999999982580 -0.000186634430 -0.000002704464 0.000186634434 0.999999982582 0.000001720743 0.000002704143 -0.000001721248 0.999999999995 -3.415504332898 1.738854948198 -0.059515636755 -1318.469888326412 -3481.530111673588
0.999999998877 -0.000045632662 0.000012790107 0.000045632642 0.999999998958 0.000001557213 -0.000012790178 -0.000001556629 0.999999999917 12.756437678505 -8.245602753855 0.897783941296 -1316.6641260926513 -3483.3358739073487
0.999999995508 0.000094783837 -0.000000374740 -0.000094783840 0.999999995471 -0.000008653132 0.000000373920 0.000008653167 0.999999999962 8.128764880729 -1.147442154751 0.429394639577 -1318.240375031257 -3481.759624968743
0.999999935065 0.000360355964 0.000003789900 -0.000360355932 0.999999935035 -0.000008547426 -0.000003792980 0.000008546059 0.999999999956 1.627418824797 -8.219169154669 -0.416778556108 -1319.6680009831493 -3480.3319990168507
0.999999998216 -0.000058601303 -0.000011601638 0.000058601374 0.999999998264 0.000006080319 0.000011601282 -0.000006080999 0.999999999914 -6.715132378245 8.313147190753 -0.521837635634 -1321.49158901022 -3478.50841098978
0.999999999978 0.000004283417 -0.000005108960 -0.000004283379 0.999999999964 0.000007390426 0.000005108992 -0.000007390404 0.999999999960 -17.638689094352 -5.394634328720 -0.397769723318 -1319.0608240801942 -3480.939175919806
0.999999808157 -0.000619308529 -0.000011938188 0.000619308693 0.999999808134 0.000013718783 0.000011929690 -0.000013726173 0.999999999835 -5.653630254804 7.629918848763 0.389194744123 -1318.7348560422554 -3481.265143957745
0.999999995313 -0.000096728124 0.000004100996 0.000096728219 0.999999995054 -0.000023134324 -0.000004098759 0.000023134720 0.999999999724 4.274335129801 -5.398999985459 0.136499047970 -1319.0457958869051 -3480.954204113095
0.999999994477 0.000105097838 -0.000000857816 -0.000105097825 0.999999994368 0.000014778503 0.000000859369 -0.000014778413 0.999999999890 7.315917445637 7.071952231433 0.667609762926 -1320.0555323454034 -3479.9444676545963
0.999999983389 -0.000181746603 0.000013821574 0.000181746597 0.999999983484 0.000000418660 -0.000013821650 -0.000000416148 0.999999999904 2.214074591406 0.496443032329 0.231939147111 -1322.9660933428388 -3477.0339066571614
0.999999885713 0.000478011869 0.000008882119 -0.000478011807 0.999999885728 -0.000006957395 -0.000008885444 0.000006953149 0.999999999936 5.066583004023 -4.054107299474 0.236971537017 -1321.9740064161174 -3478.0259935838826
0.999999989488 -0.000144748185 -0.000008458885 0.000144748135 0.999999989507 -0.000005875955 0.000008459735 0.000005874730 0.999999999947 -1.020290201855 1.659947038766 0.128384384511 -1321.626275142322 -3478.373724857678
0.999999900454 0.000446141299 -0.000007086267 -0.000446141297 0.999999900479 0.000000383394 0.000007086437 -0.000000380233 0.999999999975 -3.188320818989 0.621104610074 -0.161002333717 -1321.4446985101386 -3478.5553014898614
0.999999795888 0.000638676241 0.000017799220 -0.000638676008 0.999999795961 -0.000013074276 -0.000017807567 0.000013062905 0.999999999756 6.165470447150 -11.327428437122 0.371717414679 -1321.6713179222572 -3478.328682077743
0.999999995649 0.000093177171 -0.000004474413 -0.000093177132 0.999999995619 0.000008903825 0.000004475242 -0.000008903408 0.999999999950 -0.391861752418 5.629586363222 -0.075071099375 -1323.5992484514811 -3476.400751548519
0.999999994569 0.000104215120 -0.000000657459 -0.000104215117 0.999999994560 0.000004365905 0.000000657914 -0.000004365836 0.999999999990 1.917736991319 6.178070412912 0.422638499244 -1324.1302131811958 -3475.869786818804
0.999999990358 -0.000138823698 0.000003377023 0.000138823707 0.999999990360 -0.000002664374 -0.000003376653 0.000002664843 0.999999999991 1.822769835269 -3.116687014337 -0.084542090646 -1323.4426362049448 -3476.557363795055
0.999999978302 -0.000208289606 -0.000003269623 0.000208289616 0.999999978303 0.000003138725 0.000003268969 -0.000003139406 0.999999999990 1.175576748014 1.302438293896 0.268003496946 -1323.6029129959202 -3476.39708700408
0.999999986543 0.000163913368 0.000006833035 -0.000163913393 0.999999986559 0.000003667937 -0.000006832434 -0.000003669057 0.999999999970 -2.122692767311 -1.602554777938 -0.203053324941 -1324.121727742177 -3475.878272257823
0.999999999415 -0.000034182448 -0.000001386806 0.000034182457 0.999999999396 0.000006273052 0.000001386592 -0.000006273100 0.999999999979 -2.100060174983 3.282101268297 0.114721017271 -1321.129495874236 -3478.870504125764
0.999999994396 -0.000104955997 0.000013899986 0.000104956052 0.999999994484 -0.000003955314 -0.000013899571 0.000003956773 0.999999999896 0.294706685412 -0.326655799145 0.357387444198 -1323.2741497412044 -3476.7258502587956
0.999999959568 0.000284275610 -0.000007196093 -0.000284275610 0.999999959594 -0.000000000485 0.000007196093 0.000000002530 0.999999999974 1.030391301302 -4.362261202670 -0.225272223963 -1321.7387817342387 -3478.2612182657613
0.999999999067 0.000041554945 -0.000011820370 -0.000041554864 0.999999999113 0.000006857666 0.000011820655 -0.000006857175 0.999999999907 -4.815492741565 5.046227917937 -0.402693836706 -1322.6084467276924 -3477.3915532723076
0.999999986579 -0.000163830753 0.000001295108 0.000163830750 0.999999986576 0.000002548413 -0.000001295525 -0.000002548201 0.999999999996 -11.228069186752 -10.216251451273 -0.565501121237 -1321.7744508108362 -3478.2255491891638
0.999999999116 -0.000031475304 -0.000027871152 0.000031475728 0.999999999389 0.000015204821 0.000027870673 -0.000015205698 0.999999999496 -24.524500014932 8.853613519089 -1.637472470953 -1320.339644048536 -3479.660355951464
0.999999978260 0.000208039307 -0.000014158316 -0.000208038968 0.999999978074 0.000023900242 0.000014163288 -0.000023897296 0.999999999614 -8.110105832356 21.441110909522 -0.809505639649 -1316.0513223188173 -3483.9486776811827
0.999999990676 0.000135730628 -0.000014989957 -0.000135730215 0.999999990410 0.000027509540 0.000014993691 -0.000027507505 0.999999999509 -13.281884241343 30.111139624891 -0.830020347516 -1314.2200925550706 -3485.7799074449294
0.999999988022 -0.000152333565 -0.000027393262 0.000152334412 0.999999987919 0.000030915149 0.000027388553 -0.000030919321 0.999999999147 -10.292153271561 30.923617085268 -0.899114231810 -1311.8790155981758 -3488.120984401824
0.999999975440 0.000221000927 0.000016688656 -0.000221000600 0.999999975387 -0.000019601898 -0.000016692987 0.000019598209 0.999999999669 7.664793506531 -37.525998246318 0.759233361898 -1309.6482467394223 -3490.3517532605774
0.999999997361 0.000072088509 0.000009030386 -0.000072088426 0.999999997359 -0.000009210929 -0.000009031050 0.000009210278 0.999999999917 16.408263667262 -33.171293085042 1.347881882904 -1310.5498273644416 -3489.4501726355584
0.999999994676 -0.000102182532 0.000014379883 0.000102182747 0.999999994667 -0.000015006986 -0.000014378350 0.000015008456 0.999999999784 6.415979630430 -34.105498598614 0.995354979333 -1310.7732799699404 -3489.2267200300594
0.999999977554 0.000204515528 0.000055369819 -0.000204512005 0.999999977063 -0.000063633896 -0.000055382832 0.000063622571 0.999999996442 29.941577101915 -39.080481558844 1.448644933458 -1312.885252129969 -3487.114747870031
0.999999993372 0.000112468403 0.000024646244 -0.000112468050 0.999999993573 -0.000014310868 -0.000024647853 0.000014308096 0.999999999594 19.849261009244 -26.397520573452 0.831423710935 -1316.521951635602 -3483.478048364398
0.999999999439 -0.000022847549 0.000024511179 0.000022847598 0.999999999737 -0.000001999713 -0.000024511133 0.000002000273 0.999999999698 13.871505518728 -21.712945384330 0.516198624112 -1318.0860463328515 -3481.9139536671482
0.999999994374 -0.000106024002 0.000003423423 0.000106024021 0.999999994365 -0.000005451425 -0.000003422845 0.000005451788 0.999999999979 10.241961382517 -17.752972216458 0.037667954165 -1319.8749380446425 -3480.1250619553575
0.999999983826 0.000179786273 -0.000005065881 -0.000179786246 0.999999983824 0.000005346164 0.000005066843 -0.000005345253 0.999999999973 0.596760913807 -35.338944799589 -0.426485788937 -1320.7866927717018 -3479.213307228298
0.999999982918 0.000183511089 0.000022061268 -0.000183510967 0.999999983146 -0.000005552048 -0.000022062286 0.000005547999 0.999999999741 12.690702633975 -41.186938822650 0.778184315513 -1419.2924449637326 -3580.7075550362674
0.999999904727 -0.000436196845 0.000016693168 0.000436197227 0.999999904605 -0.000022856303 -0.000016683197 0.000022863583 0.999999999599 25.506507370069 -43.863023154798 1.135567663694 -1421.9363433750489 -3578.0636566249514
0.999999962028 -0.000273895677 0.000030406738 0.000273896165 0.999999962362 -0.000016031048 -0.000030402346 0.000016039376 0.999999999409 16.214008188951 -45.452633210378 1.013132313412 -1426.4654887544532 -3573.534511245547
0.999999822289 -0.000595745769 0.000022553190 0.000595746245 0.999999822321 -0.000021089159 -0.000022540622 0.000021102591 0.999999999523 16.886331774112 -46.712793134019 1.099821355082 -1427.6265016225325 -3572.3734983774675
0.999999585244 -0.000910512173 0.000021891762 0.000910512446 0.999999585406 -0.000012480915 -0.000021880389 0.000012500843 0.999999999682 4.124487883849 -38.089917167319 0.351016004750 -1428.7445247490073 -3571.2554752509927
0.999999514246 -0.000985645501 0.000003367618 0.000985645477 0.999999514226 0.000007171971 -0.000003374685 -0.000007168648 0.999999999969 -6.426744615684 -24.351251476490 -0.488005970352 -1428.505305747311 -3571.494694252689
0.999999181187 -0.001279620005 0.000014091803 0.001279619954 0.999999181279 0.000003637195 -0.000014096446 -0.000003619160 0.999999999894 5.941904486225 -40.729612234056 -0.096273698647 -1428.7205382026325 -3571.2794617973677
0.999998978858 -0.001428998398 0.000015692941 0.001428998496 0.999998978962 -0.000006230949 -0.000015684021 0.000006253368 0.999999999857 10.531823713370 -49.524991783238 0.609839223424 -1427.4311109070252 -3572.568889092975
0.999998410673 -0.001782674412 0.000026889072 0.001782674540 0.999998411023 -0.000004723250 -0.000026880610 0.000004771177 0.999999999627 13.250452039597 -53.649949910145 0.414122209891 -1430.855059353481 -3569.144940646519
0.999997104219 -0.002406301627 0.000035568872 0.002406301782 0.999997104842 -0.000004307863 -0.000035558403 0.000004393440 0.999999999358 14.669060558802 -68.495777497190 0.921151141733 -1432.8237136279265 -3567.1762863720733
0.999994962455 -0.003173655625 0.000054547431 0.003173656143 0.999994963896 -0.000009413708 -0.000054517280 0.000009586775 0.999999998468 7.648082694990 -68.063657456170 0.675218028828 -1435.9717518613422 -3564.0282481386575
0.999993112990 -0.003710938857 0.000053909012 0.003710939265 0.999993114413 -0.000007477582 -0.000053880892 0.000007677583 0.999999998519 8.285743921119 -77.490511035268 0.505923435690 -1439.1983586460808 -3560.801641353919
0.999991146540 -0.004207859279 0.000027585683 0.004207859689 0.999991146810 -0.000014800106 -0.000027523162 0.000014916052 0.999999999510 -0.003875633304 -70.988126944668 0.393511213066 -1442.9584801179394 -3557.0415198820606
0.999988707355 -0.004752270150 0.000033035888 0.004752270824 0.999988707690 -0.000020367757 -0.000032938722 0.000020524523 0.999999999247 0.385391399663 -87.018529254536 -0.166136300260 -1446.4947920954562 -3553.5052079045436
0.999984957711 -0.005484898525 0.000015458903 0.005484898877 0.999984957569 -0.000022796789 -0.000015333632 0.000022881237 0.999999999621 -5.719374461200 -87.875624810417 -0.242198358829 -1448.3745658623122 -3551.625434137688
0.999979868586 -0.006345262811 0.000007923338 0.006345262991 0.999979868353 -0.000022920646 -0.000007777741 0.000022970460 0.999999999706 -22.416328162492 -92.605204188074 -0.503876189521 -1449.6469994632034 -3550.3530005367966
0.999975582233 -0.006988195631 0.000007747513 0.006988195706 0.999975582214 -0.000009799089 -0.000007678846 0.000009852991 0.999999999922 -22.350997558099 -91.885405115082 -0.250235893220 -1448.6816303004427 -3551.3183696995575
0.999971737767 -0.007518189368 0.000022273687 0.007518189762 0.999971737856 -0.000017639910 -0.000022140437 0.000017806869 0.999999999596 -10.487143599336 -103.851486440776 0.106264927536 -1450.7884103753563 -3549.2115896246437
0.999966857701 -0.008141458997 0.000012062592 0.008141459223 0.999966857595 -0.000018790399 -0.000011909211 0.000018887983 0.999999999751 -19.418383998651 -94.752541168338 -0.685068001376 -1453.1146807198397 -3546.8853192801603
0.999962776168 -0.008628213318 0.000014598009 0.008628213576 0.999962776115 -0.000017734939 -0.000014444445 0.000017860233 0.999999999736 -14.561202503049 -125.061942509647 -0.892952195447 -1454.016766401092 -3545.983233598908
0.999956968518 -0.009276904831 0.000012230636 0.009276905125 0.999956968297 -0.000024190373 -0.000012005698 0.000024302794 0.999999999633 -18.835215106221 -130.749113337175 -0.091981645618 -1456.634316317051 -3543.365683682949
0.999950417892 -0.009957964178 0.000026576960 0.009957965426 0.999950417117 -0.000047245430 -0.000026105174 0.000047507740 0.999999998531 -13.692423706338 -153.580941900465 -0.679881625045 -1457.8975481379046 -3542.102451862095
0.999946608157 -0.010333408695 0.000038725104 0.010333410576 0.999946607703 -0.000048673864 -0.000038220069 0.000049071427 0.999999998066 -19.106562406726 -169.132829786514 -1.358807352746 -1461.7946228912645 -3538.205377108736
0.999940740375 -0.010886328659 0.000059887651 0.010886330718 0.999940741562 -0.000034174242 -0.000059512070 0.000034824173 0.999999997623 -21.371047951688 -158.835525003417 -1.117935620735 -1468.9100444005765 -3531.089955599424
0.999935807098 -0.011330279831 0.000080259492 0.011330281700 0.999935810037 -0.000022871596 -0.000079995198 0.000023779490 0.999999996518 -13.546428209286 -171.840659397932 -1.129454044348 -1473.8563130243099 -3526.14368697569
0.999928029598 -0.011997168604 0.000059742290 0.011997171786 0.999928029930 -0.000053184461 -0.000059099928 0.000053897372 0.999999996801 -17.115241329930 -178.028425993185 -1.595836166699 -1482.061710003471 -3517.938289996529
0.999921912878 -0.012496482417 0.000077938419 0.012496487169 0.999921914008 -0.000060780923 -0.000077172786 0.000061750134 0.999999995116 -16.685413483802 -186.076866706519 -1.477590040909 -1488.2453892789717 -3511.7546107210283
0.999915822289 -0.012974890559 0.000023479775 0.012974891375 0.999915821943 -0.000034943587 -0.000023024409 0.000035245293 0.999999999114 -18.298543783818 -197.979925304810 -0.697684302688 -1496.3030551227196 -3503.6969448772807
0.999908616298 -0.013518801488 0.000032547591 0.013518802475 0.999908616355 -0.000030306976 -0.000032134903 0.000030744211 0.999999999011 -23.023442457465 -191.618428631620 -3.128939967732 -1499.562931502779 -3500.437068497221
0.999899411768 -0.014183022497 0.000090662616 0.014183021014 0.999899415755 0.000016980150 -0.000090894326 -0.000015692573 0.999999995746 -28.463343275416 -195.181554461261 -3.423816451175 -1513.5949600802621 -3486.4050399197376
0.999890354738 -0.014807430498 0.000136032612 0.014807435971 0.999890363137 -0.000039315813 -0.000135435532 0.000041325796 0.999999989975 -22.458222772818 -202.765075464681 0.304726317493 -1527.9012606150789 -3472.098739384921
0.999878252285 -0.015603785834 0.000049743570 0.015603789459 0.999878250777 -0.000073328220 -0.000048593316 0.000074095481 0.999999996074 -25.754880361718 -194.895230877141 -3.492065523501 -1537.5210105087745 -3462.4789894912255
0.999866346812 -0.016348939586 0.000026231780 0.016348942097 0.999866342260 -0.000098532415 -0.000024617373 0.000098948108 0.999999994802 -24.364651059851 -209.046884696313 -6.682206451906 -1544.3835254257747 -3455.6164745742253
0.999844749194 -0.017620353175 0.000025742390 0.017620353972 0.999844749030 -0.000031043528 -0.000025191395 0.000031492298 0.999999999187 -38.107395304091 -204.389875813541 -1.015277485375 -1547.8601974965259 -3452.139802503474
0.999833799452 -0.018231060263 -0.000043760372 0.018231057667 0.999833798717 -0.000058992488 0.000044828595 0.000058184886 0.999999997302 -37.260141046963 -225.142719457753 -6.518001628776 -1550.2604569633158 -3449.739543036684
0.999825728078 -0.018668389026 -0.000068738489 0.018668383924 0.999825727787 -0.000074134331 0.000070110479 0.000072838175 0.999999994890 -42.633728340113 -241.326120055413 -7.687116241718 -1550.731648508608 -3449.268351491392
0.999822588967 -0.018835678724 -0.000088310406 0.018835671047 0.999822589228 -0.000086975900 0.000089932989 0.000085297084 0.999999992318 -43.445820531119 -251.227209935565 -8.877781747264 -1553.2566291877868 -3446.7433708122135
0.999808483801 -0.019570170255 -0.000064472266 0.019570165147 0.999808482864 -0.000078922865 0.000066004452 0.000077646017 0.999999994807 -46.306259610358 -254.054292017200 -8.251697079732 -1558.9468075682805 -3441.0531924317193
0.999797495641 -0.020123684978 -0.000070801374 0.020123680389 0.999797496131 -0.000064940639 0.000072093881 0.000063502704 0.999999995385 -45.716136734178 -231.683340661869 -5.631233950316 -1563.1049689441304 -3436.8950310558694
0.999787904295 -0.020594612186 -0.000091509526 0.020594606419 0.999787906584 -0.000063525573 0.000092798402 0.000061627497 0.999999993795 -48.821567749161 -235.951433730390 -8.206974652725 -1562.4575663303578 -3437.5424336696424
0.999778586234 -0.021042248245 -0.000047924153 0.021042246207 0.999778586516 -0.000042641144 0.000048810807 0.000041623271 0.999999997943 -45.361471619442 -250.411436532686 -7.802214365326 -1558.9640153063572 -3441.0359846936426
0.999771541446 -0.021374393524 -0.000014723854 0.021374392874 0.999771540646 -0.000042948226 0.000015638483 0.000042623700 0.999999998969 -47.455761406341 -257.599576916657 -9.598193563701 -1558.16474246602 -3441.83525753398
0.999764220889 -0.021714056501 -0.000048780827 0.021714052372 0.999764218671 -0.000083633483 0.000050585347 0.000082554534 0.999999995313 -48.992144494334 -264.898465116773 -9.033684955385 -1560.0171726435901 -3439.98282735641
0.999760114268 -0.021902361731 -0.000021689296 0.021902359488 0.999760109676 -0.000098740923 0.000023846752 0.000098242190 0.999999994890 -43.941849629805 -266.608347253581 -8.919716602783 -1661.3226517104813 -3538.6773482895187
0.999757412499 -0.022025342067 -0.000021450457 0.022025338693 0.999757402066 -0.000146525833 0.000024672534 0.000146017834 0.999999989035 -47.673067762172 -269.770329128447 -8.714223186844 -1668.8341724174968 -3531.165827582503
0.999750563964 -0.022333966124 -0.000061738698 0.022333956860 0.999750555286 -0.000146889510 0.000065003923 0.000145474001 0.999999987306 -50.012516689185 -281.095784202496 -7.420490313236 -1675.3774501249175 -3524.6225498750828
0.999741526682 -0.022734909619 -0.000060919498 0.022734902977 0.999741522900 -0.000107588942 0.000063349777 0.000106176135 0.999999992357 -53.098314406644 -280.386507957171 -6.931625496988 -1672.549049039529 -3527.450950960471
0.999721712108 -0.023590016769 -0.000097207413 0.023590007660 0.999721712648 -0.000093802971 0.000099393175 0.000091483743 0.999999990876 -60.119501038218 -268.141676374436 -1.756912257376 -1668.9329816441434 -3531.067018355857
0.999709018195 -0.024122031263 -0.000080916673 0.024122020283 0.999709012750 -0.000134031211 0.000084126233 0.000132040336 0.999999987744 -56.522027242183 -270.434651343368 -8.385702702849 -1560.3412522583733 -3439.658747741627
0.999711845936 -0.024004656356 -0.000039600347 0.024004653045 0.999711843431 -0.000082077877 0.000041559187 0.000081103634 0.999999995848 -64.539919310210 -266.375475405522 -3.935478342892 -1553.7018054859927 -3446.2981945140073
0.999715344170 -0.023858422463 -0.000079423097 0.023858413175 0.999715340827 -0.000115909565 0.000082165908 0.000113981662 0.999999990128 -64.169875565657 -276.468755221618 0.790075048324 -1546.9263219781285 -3453.0736780218713
0.999708109364 -0.024159550477 -0.000110417165 0.024159533845 0.999708104677 -0.000149558489 0.000113998200 0.000146847207 0.999999982720 -66.427676762903 -289.522838200438 -3.770892043979 -1540.9971854455807 -3459.0028145544193
0.999697259177 -0.024604478742 -0.000098076712 0.024604465671 0.999697255553 -0.000132320864 0.000101302706 0.000129867680 0.999999986436 -62.729836328492 -293.149339439077 -1.933175461447 -1539.4458644222195 -3460.5541355777805
0.999690535086 -0.024876112411 -0.000114412271 0.024876096555 0.999690532506 -0.000137981851 0.000117809316 0.000135093020 0.999999983935 -62.267880494991 -288.105414788524 -7.557741888769 -1539.5368477360564 -3460.463152263944
0.999698959123 -0.024535404579 -0.000071072030 0.024535397018 0.999698956280 -0.000105379626 0.000073636166 0.000103604122 0.999999991922 -55.769743188548 -285.698830712124 -6.906793888348 -1539.9526063148696 -3460.0473936851304
0.999700201753 -0.024484690732 -0.000080840356 0.024484678949 0.999700194988 -0.000143656878 0.000084333514 0.000141634459 0.999999986414 -55.060642451385 -294.878173977074 -7.394300188879 -1533.103677045789 -3466.896322954211
0.999705992760 -0.024247211687 -0.000027675740 0.024247208711 0.999705987885 -0.000103226121 0.000030170549 0.000102524712 0.999999994289 -54.891425086288 -291.642339242694 -1.676421766261 -1536.5414578342566 -3463.4585421657434
0.999702903366 -0.024373927255 -0.000129118462 0.024373897901 0.999702887272 -0.000224233213 0.000134545543 0.000221019474 0.999999966524 -57.704767008008 -302.632525551318 -10.444500318166 -1536.7665245526543 -3463.233475447346
0.999708692196 -0.024135377055 -0.000119671806 0.024135360331 0.999708690060 -0.000139282207 0.000122998573 0.000136353311 0.999999983140 -58.430715704122 -302.590035154235 -7.653801572299 -1532.5732765472994 -3467.4267234527006
0.999703074846 -0.024367085335 -0.000085418463 0.024367073325 0.999703069134 -0.000138928898 0.000088778392 0.000136806248 0.999999986701 -61.429372831162 -291.479190699419 -6.307455126841 -1526.1273724907974 -3473.8726275092026
0.999705469712 -0.024268740363 -0.000045491239 0.024268734150 0.999705462120 -0.000132473936 0.000048692815 0.000131330903 0.999999990191 -53.091890589639 -295.748619082979 -0.915763528338 -1523.3224723608234 -3476.6775276391763
0.999703966002 -0.024330588261 -0.000053251459 0.024330582610 0.999703962115 -0.000104318161 0.000055773817 0.000102991640 0.999999993141 -54.417677507380 -295.174832967583 -3.930499661194 -1424.3423518837308 -3375.6576481162692
0.999710678245 -0.024053010599 -0.000111731247 0.024052986167 0.999710661938 -0.000215089440 0.000116872467 0.000212339739 0.999999970626 -46.110925524047 -310.137057133341 -7.476352114536 -1416.2270773552327 -3383.7729226447673
0.999708360883 -0.024149240945 -0.000085692449 0.024149220611 0.999708338385 -0.000230883906 0.000091243127 0.000228747166 0.999999969675 -60.330810942802 -317.752126535158 -10.681235976826 -1409.7308831274188 -3390.2691168725814
0.999696166625 -0.024648402055 -0.000175248887 0.024648362633 0.999696157938 -0.000223658298 0.000180708459 0.000219270746 0.999999959632 -61.431559478159 -303.032135305613 -1.487519619983 -1597.8623947928209 -3602.137605207179
0.999673678665 -0.025544742087 -0.000048333433 0.025544737470 0.999673675546 -0.000093848089 0.000050714986 0.000092582799 0.999999994428 -65.313725479471 -295.560339909317 -0.899519485213 -1490.0011432981235 -3509.9988567018763
0.999674414249 -0.025515901938 -0.000065141430 0.025515896876 0.999674413506 -0.000077381164 0.000067094671 0.000075693828 0.999999994884 -58.367080217412 -293.545164623170 -6.266254388929 -1585.978488107811 -3614.0215118921888
0.999684764507 -0.025107014759 -0.000097069242 0.025107000299 0.999684758713 -0.000147420639 0.000100739934 0.000144937049 0.999999984422 -62.436320380843 -297.826508642077 -6.565980195352 -1579.4394517884116 -3620.5605482115884
0.999709778863 -0.024090521373 -0.000069465337 0.024090504062 0.999709752859 -0.000240111167 0.000075229578 0.000238368027 0.999999968761 -53.206944431991 -303.442819889511 -6.911978836159 -1578.33164939782 -3621.66835060218
0.999712425437 -0.023980435078 -0.000071838319 0.023980419616 0.999712406568 -0.000208875696 0.000076826589 0.000207092915 0.999999975605 -60.475688697878 -309.311097140504 -8.133259367962 -1572.7473706097821 -3627.252629390218
0.999691304679 -0.024844894493 -0.000162991936 0.024844860407 0.999691297192 -0.000207919062 0.000168107347 0.000203805367 0.999999965102 -64.221628580541 -310.987388476694 -8.292536392220 -1560.4489020066235 -3639.5510979933765
0.999682317264 -0.025204345085 -0.000074427795 0.025204334299 0.999682310154 -0.000142471332 0.000077995047 0.000140550168 0.999999987081 -54.643682984951 -299.027954726189 -5.641771254298 -1553.3309375307633 -3646.6690624692365
0.999690513981 -0.024877217407 -0.000017644671 0.024877215634 0.999690509720 -0.000094434764 0.000019988484 0.000093966588 0.999999995385 -53.715832383923 -296.450133287368 -5.679567673580 -1551.5555546845771 -3648.444445315423
0.999703602860 -0.024345296354 -0.000113902778 0.024345281853 0.999703601634 -0.000127013235 0.000116961192 0.000124202593 0.999999985447 -66.724525815140 -292.496169153068 2.200308703794 -1545.177152651333 -3654.822847348667
0.999704233565 -0.024318498133 -0.000236727386 0.024318444591 0.999704237241 -0.000226486310 0.000242165178 0.000220662481 0.999999946332 -62.646930512329 -297.031548795405 -4.044038166071 -1533.2584484129388 -3666.741551587061
0.999715171948 -0.023865569587 -0.000097803659 0.023865565172 0.999715175776 -0.000046065547 0.000098875182 0.000043718286 0.999999994156 -65.604977974380 -292.611555077121 10.144461174966 -1526.829835625298 -3673.170164374702
0.999710241495 -0.024071340858 -0.000059991333 0.024071332609 0.999710234429 -0.000134627687 0.000063214618 0.000133144606 0.999999989138 -57.750187735510 -299.490256073498 -5.757649875545 -1422.9519400657612 -3577.048059934239
0.999713366220 -0.023941261712 -0.000037271576 0.023941257956 0.999713362188 -0.000098131402 0.000039610282 0.000097210945 0.999999994491 -55.210411237850 -296.747420718266 -5.594540345055 -1425.190222660562 -3574.809777339438
0.999722094385 -0.023574010961 0.000002257284 0.023574011068 0.999722090756 -0.000085188287 -0.000000248427 0.000085217826 0.999999996369 -54.090925455495 -295.433229553203 0.647462810158 -1424.128215967558 -3575.871784032442
0.999708403536 -0.024147481784 0.000083805777 0.024147495167 0.999708393514 -0.000162524313 -0.000079856786 0.000164500621 0.999999983281 -50.809942263689 -309.380997056467 -7.670644038190 -1416.2672916230422 -3583.732708376958
0.999691388669 -0.024842018321 0.000039328533 0.024842022877 0.999691382137 -0.000119920746 -0.000036337323 0.000120860738 0.999999992036 -56.533720165371 -299.808998574900 -6.060035658240 -1409.3280556895497 -3590.6719443104503
0.999656383660 -0.026212869874 -0.000007803527 0.026212868876 0.999656377848 -0.000108316435 0.000010640131 0.000108074663 0.999999994103 -58.595829629673 -298.780129240478 -6.057361198360 -1394.8459480149959 -3605.154051985004
0.999626378153 -0.027332867087 -0.000135933000 0.027332835039 0.999626361283 -0.000232287688 0.000142231299 0.000228485466 0.999999963782 -72.586163650899 -298.974774923312 -7.094545933209 -1388.5458987877014 -3611.4541012122986
0.999611870089 -0.027858633903 -0.000075466609 0.027858618057 0.999611852672 -0.000203462657 0.000081105508 0.000201281292 0.999999976454 -56.629736032768 -302.771547865302 -7.335864571991 -1385.2305928403252 -3614.7694071596748
0.999612497115 -0.027836216139 -0.000026111207 0.027836210737 0.999612479854 -0.000188393343 0.000031345246 0.000187593503 0.999999981913 -52.672109044921 -296.729834075941 -8.842830933043 -1377.6662689348352 -3622.333731065165
0.999618775275 -0.027609703503 -0.000091602092 0.027609688965 0.999618767645 -0.000156353317 0.000095884039 0.000153764606 0.999999983581 -68.451447610429 -286.992548956877 -0.269618489827 -1472.9305028051565 -3727.0694971948433
0.999622227929 -0.027484437807 -0.000084314120 0.027484424695 0.999622220149 -0.000152914114 0.000088485026 0.000150539022 0.999999984754 -68.619229293282 -286.361063173052 -0.294481496165 -1471.9586131206042 -3728.0413868793958
0.999607233479 -0.028024432431 -0.000099815178 0.028024415121 0.999607224357 -0.000170793083 0.000104562353 0.000167928739 0.999999980433 -62.495370681304 -294.692342815196 -6.938113106969 -1464.9715003168305 -3735.0284996831697
0.999578148512 -0.029043441698 -0.000059252849 0.029043430926 0.999578135227 -0.000175201523 0.000064316308 0.000173406708 0.999999982897 -58.012610959352 -292.220221716481 -6.903819779152 -1460.7160311676505 -3739.2839688323493
0.999532105590 -0.030586991048 -0.000076644166 0.030586970221 0.999532075460 -0.000259576852 0.000084547977 0.000257111084 0.999999963373 -63.782834427843 -299.028689702860 -7.538538946531 -1456.8531316727408 -3743.146868327259
0.999490066873 -0.031931252159 -0.000036842579 0.031931242195 0.999490037812 -0.000245124181 0.000044650913 0.000243822755 0.999999969278 -64.545379548383 -288.789097026749 -6.573424934578 -1453.592232632123 -3746.407767367877
0.999469090814 -0.032581146956 -0.000073280877 0.032581128697 0.999469065781 -0.000237907025 0.000080993253 0.000235393144 0.999999969015 -63.354761306929 -287.110726961931 -6.131350034850 -1444.630529906559 -3755.369470093441
0.999455517609 -0.032994799734 -0.000107295726 0.032994766878 0.999455480979 -0.000294787606 0.000116963759 0.000291086901 0.999999950794 -68.388791005011 -282.282921069276 -5.935264004684 -1437.5939725207045 -3762.4060274792955
0.999432529179 -0.033683971675 -0.000098341745 0.033683939266 0.999432485640 -0.000314455281 0.000108878037 0.000310964299 0.999999945723 -72.655787996831 -284.605859309055 -6.089448434941 -1436.2554319976086 -3763.744568002391
0.999397232933 -0.034715497772 -0.000070850054 0.034715471581 0.999397177702 -0.000342394515 0.000082693740 0.000339728538 0.999999938873 -84.910582908025 -285.161249799713 -0.763244873647 -1429.2217797620037 -3770.7782202379963
0.999365711347 -0.035611299457 -0.000101664859 0.035611267778 0.999365673203 -0.000298044841 0.000112214134 0.000294235380 0.999999950417 -78.536086166665 -289.091571172515 -6.697930858808 -1321.983806383012 -3678.016193616988
0.999326059645 -0.036707261368 0.000058975978 0.036707271449 0.999326044791 -0.000180067956 -0.000052326429 0.000182111449 0.999999982049 -75.114800661424 -285.699450986807 16.869147406730 -1316.334541626124 -3683.665458373876
0.999305986246 -0.037249765395 0.000028820816 0.037249771418 0.999305955532 -0.000248529469 -0.000019543149 0.000249430555 0.999999968701 -65.897147156705 -274.798439435937 -2.894031734054 -1114.420843345046 -3485.579156654954
0.999292740961 -0.037603392382 0.000052379088 0.037603403912 0.999292713082 -0.000239988703 -0.000043317651 0.000241788601 0.999999969831 -75.812315920999 -274.612084341511 -0.085546327999 -1110.7843559467753 -3489.2156440532244
0.999284007782 -0.037834736991 -0.000066843061 0.037834710107 0.999283944066 -0.000365845870 0.000080636880 0.000363054940 0.999999930844 -67.260638311745 -280.980538944839 -1.518488525830 -1101.7508003688172 -3498.249199631183
0.999246591961 -0.038809655382 -0.000243111321 0.038809529735 0.999246500405 -0.000501827571 0.000262403892 0.000492014454 0.999999844533 -96.273849316584 -283.387693118101 -5.363570539778 -1091.7647499186573 -3508.2352500813427
0.999191734504 -0.040197539394 -0.000188479941 0.040197464353 0.999191680617 -0.000386323040 0.000203856825 0.000378434373 0.999999907615 -97.713841816539 -275.017715573444 -6.607192069670 -1080.5543779348172 -3519.4456220651828
0.999168288159 -0.040775731151 -0.000267742018 0.040775651912 0.999168283708 -0.000295030496 0.000279549417 0.000283867760 0.999999920636 -91.629467985798 -266.833887551696 0.935716276483 -1072.7179233556076 -3527.2820766443924
0.999172092583 -0.040682008292 -0.000321877958 0.040681830002 0.999172004513 -0.000542314271 0.000343673878 0.000528770701 0.999999801145 -93.395232976962 -276.969824683017 -4.815188130721 -1367.8626112983634 -3832.1373887016366
0.999175539967 -0.040598517713 -0.000026280510 0.040598506883 0.999175486522 -0.000329200242 0.000039623883 0.000327861880 0.999999945468 -88.811029454271 -272.867650451745 -2.740254923560 -1468.9727333929934 -3931.027266607007
0.999156581164 -0.041062464717 -0.000017576936 0.041062455738 0.999156516804 -0.000360078227 0.000032347809 0.000359052778 0.999999935017 -96.030081041840 -280.974324201800 -4.240739471848 -1482.6073977388312 -3917.3926022611686
0.999112940525 -0.042110877924 0.000077698046 0.042110906887 0.999112854421 -0.000419107350 -0.000059980138 0.000422007512 0.999999909156 -77.887090869242 -281.840539911912 0.530790838116 -1485.5000777356313 -3914.4999222643687
0.999089907262 -0.042653870001 0.000067678462 0.042653889506 0.999089857750 -0.000319141246 -0.000054004256 0.000321737547 0.999999946784 -81.414574494324 -285.130525578619 -3.891948236131 -1371.3291266068752 -3828.6708733931246
0.999077524299 -0.042942847381 0.000110901301 0.042942888059 0.999077450629 -0.000394981694 -0.000093837351 0.000399379755 0.999999915845 -78.114429822920 -284.882715187032 -3.669815698879 -1354.1172462607399 -3845.88275373926
0.999064357654 -0.043248089766 0.000109531863 0.043248115667 0.999064332176 -0.000246303868 -0.000098777206 0.000250810463 0.999999963669 -78.696663928446 -283.865896337627 -4.433930527378 -1342.0147739182823 -3857.985226081718
0.999084279247 -0.042785544791 0.000010850903 0.042785546086 0.999084229627 -0.000314891056 0.000002631820 0.000315066965 0.999999950363 -85.312079535991 -293.344419224016 -5.470140450730 -1326.7664228864614 -3873.2335771135386
0.999028198991 -0.044075588307 0.000011649981 0.044075589751 0.999028144511 -0.000329945084 0.000002903865 0.000330137923 0.999999945500 -99.328400122996 -307.700742443127 -4.632333728951 -1320.1195177671893 -3879.8804822328107
0.998998933221 -0.044733936371 0.000079750424 0.044733958485 0.998998889988 -0.000301265964 -0.000066193772 0.000304531928 0.999999951439 -100.521392700051 -299.584653360079 -6.332844567183 -1314.7810076399737 -3885.2189923600263
0.998951775974 -0.045774955838 0.000051932876 0.045774968632 0.998951737489 -0.000280025345 -0.000039060289 0.000282109042 0.999999959444 -98.145161020849 -307.296604724364 -4.077421559077 -1316.4051028715276 -3883.5948971284724
0.998950854744 -0.045795057123 0.000050487168 0.045795068747 0.998950821650 -0.000260004782 -0.000038527264 0.000262044063 0.999999964924 -89.735981998873 -302.461149242779 -0.797189217306 -1316.191652813847 -3883.808347186153
0.998989039183 -0.044954406664 0.000030211863 0.044954415406 0.998988950574 -0.000420911290 -0.000011259500 0.000421843921 0.999999910960 -95.360039799310 -313.705269881445 -7.518003288069 -1310.9022279572964 -3889.0977720427036
0.999065668836 -0.043217923214 -0.000021595742 0.043217913711 0.999065614616 -0.000331097745 0.000035884920 0.000329855068 0.999999944954 -87.595195394943 -296.954277411799 -1.064776304967 -1504.479217577123 -4000.0
0.999114268859 -0.042079378549 -0.000060522738 0.042079338369 0.999114116807 -0.000557566042 0.000083931155 0.000554525432 0.999999842729 -96.507634597740 -333.964992339022 -8.344730474754 -1513.6706857951342 -4000.0
0.999170767200 -0.040715792080 -0.000047410062 0.040715776321 0.999170725127 -0.000295986217 0.000059422059 0.000293810438 0.999999955072 -89.549621382561 -321.807682056033 -0.870338053651 -1537.8183225444386 -4000.0
0.999252756703 -0.038651363482 -0.000017970847 0.038651357531 0.999252723442 -0.000259334611 0.000027981054 0.000258446227 0.999999966211 -87.886140179798 -340.298024364206 -7.995803578266 -1457.0304163411151 -3942.969583658885
0.999364843667 -0.035635547438 -0.000130386620 0.035635493105 0.999364774990 -0.000397668857 0.000144474942 0.000392769883 0.999999912429 -80.009289483144 -344.317012402728 -7.738311703563 -1468.734088347875 -3931.265911652125
0.999482738474 -0.032159832814 -0.000025427811 0.032159819425 0.999482652184 -0.000417130456 0.000038829502 0.000416096936 0.999999912678 -70.666248940084 -344.244799022930 -8.656783833378 -1390.3679482904 -3809.6320517096
0.999564710916 -0.029502277977 0.000065471531 0.029502305289 0.999564604031 -0.000465135205 -0.000051720477 0.000466864298 0.999999889681 -68.964865871813 -368.032637212446 -9.277214283193 -1400.5487477099118 -3799.451252290088
0.999607504150 -0.028014846749 0.000077516170 0.028014876186 0.999607422631 -0.000409062865 -0.000066025905 0.000411073916 0.999999913329 -68.269570614735 -382.162356549648 -5.898800382814 -1399.8408648255597 -3800.15913517444
0.999648859296 -0.026498221616 -0.000048581631 0.026498199800 0.999648778973 -0.000405098944 0.000059298970 0.000403669371 0.999999916767 -65.391103379724 -390.658302696886 -12.569330653875 -1402.7842755294414 -3797.2157244705586
0.999700067329 -0.024490234469 0.000061635484 0.024490258699 0.999699976555 -0.000429073723 -0.000051108876 0.000430454498 0.999999906048 -59.025812625625 -391.515545457847 -3.630971093104 -1417.9261653336466 -3782.0738346663534
0.999759606254 -0.021924789454 0.000182512980 0.021924871060 0.999759516297 -0.000457824099 -0.000172431391 0.000461715615 0.999999878543 -52.294893641569 -399.942495830328 -11.160070450821 -1325.9037650179803 -3674.0962349820197
0.999805452060 -0.019724498401 0.000046842837 0.019724510622 0.999805414662 -0.000276573478 -0.000041378449 0.000277443623 0.999999960656 -49.212337847341 -419.823618970140 -17.531479660212 -1323.2867488965428 -3676.713251103457
0.999834185168 -0.018209891531 0.000044934747 0.018209908181 0.999834104604 -0.000403131396 -0.000037586314 0.000403882809 0.999999917733 -49.462235268377 -416.479095862916 -17.458835849634 -1415.9688436738138 -3784.031156326186
