0.999987461225 -0.004625106028 0.001919840463 0.004625097504 0.999989304140 0.000008879561 -0.001919860998 0.000000000000 0.999998157065 -1895.997207444753 -5.629592372280 1.974095076319 -1402.950926557675 -2543.000000000000
0.999814175487 -0.019250239997 -0.001021153867 0.019249782396 0.999814601751 -0.000456073807 0.001029744077 0.000436332068 0.999999374621 -1848.912063167191 -25.991078382230 -3.827077139993 -1440.054513144692 -2064.000000000000
0.999526745310 -0.030747822071 0.000925660297 0.030747841209 0.999527173327 -0.000006447566 -0.000925024372 0.000034906570 0.999999571556 -1799.693518130219 -55.165306523118 0.172499931973 -1463.970928092402 -2298.000000000000
0.999355336996 -0.035877335560 -0.001314234223 0.035876236465 0.999355878666 -0.000850548740 0.001343903120 0.000802850645 0.999998774677 -1756.725011999995 -82.932046138098 -4.302085190431 -1461.536830836099 -2095.000000000000
0.999351787997 -0.035998004847 -0.000384023661 0.035998360799 0.999351383832 0.000964184940 0.000349065843 -0.000977384166 0.999999461436 -1708.076448493051 -100.099965542409 1.357572005557 -1447.341075483317 -2479.000000000000
0.999412542311 -0.034218925836 0.001906668713 0.034219162990 0.999414348727 -0.000091888721 -0.001902407737 0.000157079348 0.999998178084 -1658.262305883959 -113.626538311523 0.366981965888 -1410.113069870198 -2533.000000000000
0.999590134868 -0.028620159766 -0.000669873102 0.028619484398 0.999589881489 -0.000996964031 0.000698131644 0.000977383987 0.999999278666 -1616.320726441038 -115.043036049846 -4.290586623883 -1398.727898921947 -2105.000000000000
0.999734153132 -0.023054245749 0.000353290387 0.023053755146 0.999733335587 0.001334949307 -0.000383972426 -0.001326449745 0.999999046548 -1568.492164664141 -103.722351548244 -0.056360667932 -1463.170920551930 -2286.000000000000
0.999817621815 -0.019093122591 -0.000419257801 0.019092740021 0.999817313493 -0.000898286324 0.000436332299 0.000890117716 0.999999508652 -1523.484801956195 -92.730421125337 -3.482413873411 -1472.125461583431 -2096.000000000000
0.999862135619 -0.016597689422 0.000475878887 0.016597317097 0.999861953955 0.000775949992 -0.000488692171 -0.000767944704 0.999999585720 -1477.750225853769 -75.885259452636 0.835096950600 -1440.126471180795 -2269.000000000000
0.999882904320 -0.015288615635 -0.000660212361 0.015288485239 0.999883103854 -0.000202103487 0.000663225067 0.000191986174 0.999999761637 -1433.438602083482 -61.999821183698 -2.606958028479 -1467.481627794082 -2098.000000000000
0.999895453324 -0.014450920104 0.000503318242 0.014450821356 0.999895561571 0.000199280388 -0.000506145461 -0.000191986192 0.999999853479 -1385.143732389378 -51.524945936683 -0.143417742269 -1445.507433825007 -2270.000000000000
0.999910710509 -0.013351235224 -0.000561717889 0.013351369996 0.999910838432 0.000236867501 0.000558505332 -0.000244346055 0.999999814183 -1338.840119848905 -40.696329148870 -1.985516742162 -1443.240992322649 -2148.000000000000
0.999910092302 -0.013403646565 0.000386745194 0.013403726283 0.999910145160 -0.000204274032 -0.000383972426 0.000209439493 0.999999904350 -1290.025916983517 -35.087399617087 -0.088876204852 -1459.176836289735 -2257.000000000000
0.999874122998 -0.015864338799 -0.000246807310 0.015864376898 0.999874141120 0.000153183465 0.000244346093 -0.000157079627 0.999999957810 -1242.166742176492 -29.340551839306 -0.957417558307 -1467.668552855440 -2159.000000000000
0.999755105971 -0.022128896621 0.000200049881 0.022128968049 0.999755058801 -0.000362180926 -0.000191986217 0.000366519128 0.999999914403 -1193.050591732066 -31.123239389180 -1.276533479193 -1478.912622862077 -2179.000000000000
0.999512024918 -0.031236306849 0.000071959809 0.031236311721 0.999512025071 -0.000067598397 -0.000069813170 0.000069813170 0.999999995126 -1144.857881085348 -33.938072443851 -1.280373215056 -1475.453982871265 -2183.000000000000
0.999122829490 -0.041875641538 0.000047300721 0.041875653704 0.999122786554 -0.000294983971 -0.000034906585 0.000296705968 0.999999955374 -1096.149973942268 -40.619330197158 -1.518104312094 -1470.014888046564 -2179.000000000000
0.998663930575 -0.051673711298 0.000425828738 0.051673623673 0.998664002907 0.000214276601 -0.000436332299 -0.000191986198 0.999999886378 -1045.397195270648 -46.470985635766 -1.073132922120 -1396.015231971588 -2200.000000000000
0.998269678786 -0.058801186975 -0.000262349112 0.058801109128 0.998269674200 -0.000295189858 0.000279252677 0.000279252666 0.999999922018 -995.504217155084 -52.568689935778 -1.373486395946 -1459.073947951551 -2173.000000000000
0.997931352899 -0.064288461700 -0.000092696166 0.064288469299 0.997931353389 0.000081475712 0.000087266462 -0.000087266462 0.999999992385 -941.161370334924 -54.737800081523 -2.246826994169 -1487.349838000099 -2199.000000000000
0.997629350975 -0.068816263135 0.000000596932 0.068816260924 0.997629321052 0.000244967904 -0.000017453293 -0.000244346093 0.999999969995 -887.996317901801 -56.192567200882 -0.966842387670 -1431.617444298681 -2231.000000000000
0.997251423552 -0.074090958700 0.000357856886 0.074091080811 0.997251420406 -0.000340942217 -0.000331612552 0.000366519115 0.999999877848 -843.271683085872 -55.108376078239 -0.967156427200 -1408.613690341458 -2207.000000000000
0.996993516585 -0.077484857635 -0.000157240068 0.077484684982 0.996993131635 -0.000905022410 0.000226892801 0.000890117778 0.999999578105 -817.113713833199 -49.038302553950 -2.534472000734 -1407.515369480821 -2208.000000000000
0.996914560223 -0.078493440749 -0.000373329428 0.078493891970 0.996913602833 0.001406204127 0.000261799385 -0.001431169449 0.999998941607 -800.305632424156 -36.562951430657 0.212821209308 -1414.164103835972 -2519.000000000000
0.997180986967 -0.075030545857 -0.000704570179 0.075030922713 0.997181069546 0.000524572721 0.000663225067 -0.000575958495 0.999999614202 -744.900596597942 -53.560468978075 -1.837757019213 -1441.389692867740 -2244.000000000000
0.997387769015 -0.072226900158 0.000955568849 0.072228563038 0.997386412450 -0.001838189508 -0.000820304656 0.001902407097 0.999997853971 -673.523009186670 -66.960798762053 -0.086748445742 -1455.591012162702 -2265.000000000000
0.997658050393 -0.068398550753 0.000229653778 0.068398366237 0.997657820193 0.000733009519 -0.000279252677 -0.000715584904 0.999999704978 -643.134156029212 -37.764723126198 -0.532011079210 -1448.821288391678 -2571.000000000000
0.997707954397 -0.067667021558 0.000109203783 0.067667028646 0.997707957931 -0.000062567081 -0.000104719755 0.000069813170 0.999999992080 -667.131480802663 -23.904038776884 -0.429246095299 -1461.043442589657 -2280.000000000000
