0.999864055392 0.000686228075 -0.016474217017 -0.000663135051 0.999998790034 0.001407189371 0.016475162736 -0.001396073441 0.999863300653 -927.341365801809 4.086968538666 -30.121221107411 -1095.476802603360 -2739.934962102522
0.999945484647 0.000686133860 -0.010419066851 -0.000680641406 0.999999627547 0.000530690908 0.010419427095 -0.000523570329 0.999945579226 -856.937206493172 2.513902603061 -30.664383596926 -794.856214090967 -2605.143785909033
0.999997818331 0.000349856604 0.002059352753 -0.000349065103 0.999999865083 -0.000384691299 -0.002059487061 0.000383971612 0.999997805537 -789.048987829900 1.505000564846 -19.298439779117 -630.939975089361 -2569.060024910638
0.999936171156 -0.000723395800 0.011275207840 0.000732991628 0.999999372702 -0.000846946298 -0.011274588090 0.000855156872 0.999936074142 -736.840517154415 1.499110208094 -6.542549059326 -641.354252402634 -2558.645747597366
0.999917172124 -0.004083409493 0.012205517519 0.004101207019 0.999990562573 -0.001433480298 -0.012199548843 0.001483418920 0.999924482387 -704.414161345454 0.627877232048 0.543199929177 -818.908726938943 -2581.091273061057
0.999899288758 -0.012421179909 0.006864883887 0.012443586633 0.999917355662 -0.003230943900 -0.006824184408 0.003316042285 0.999971216771 -687.557216710285 -5.400362124157 -1.381969080558 -1110.107419141425 -2764.267580858575
0.999716215693 -0.023820232030 0.000290907702 0.023821490450 0.999700461602 -0.005614594017 -0.000157079632 0.005619930539 0.999984195728 -679.003590733422 -11.638262712815 -7.724934442822 -1179.146176808632 -2820.853823191368
0.999442859926 -0.033195395954 -0.003469211768 0.033172397139 0.999428578804 -0.006489062872 0.003682636398 0.006370365484 0.999972927950 -668.209278396423 -12.766879661657 -14.084283745987 -1174.909697295646 -2825.090302704354
0.999190680967 -0.040044589205 -0.003796570061 0.040026840001 0.999187826013 -0.004641166509 0.003979340192 0.004485445622 0.999982022653 -653.332807031788 -7.632495659595 -16.400861744735 -1174.772094324078 -2837.955178403195
0.998985354366 -0.044999713982 -0.001813147484 0.044996763315 0.998985792130 -0.001636585973 0.001884954476 0.001553339650 0.999997017037 -633.945875597862 -2.505305894977 -16.197229850538 -1194.139620374355 -2887.150702206291
0.998831961219 -0.048310158864 0.000917495092 0.048309334288 0.998832016490 0.000900586332 -0.000959930941 -0.000855210835 0.999999173573 -615.357731068899 6.189632724423 -12.551942497884 -842.020177577961 -2557.979822422039
0.998740070957 -0.050094048312 0.002976069286 0.050087197325 0.998742122237 0.002333652630 -0.003089227862 -0.002181649424 0.999992848513 -597.374686992858 12.412081713316 -9.509130755651 -849.951359894079 -2550.048640105921
0.998670811617 -0.051420226161 0.003545471145 0.051411831868 0.998674606449 0.002419499716 -0.003665183223 -0.002234004579 0.999990787785 -585.871811159687 14.905819565456 -6.406046483744 -985.402047426724 -2641.410452573276
0.998586911156 -0.053038244244 0.003335493373 0.053032808067 0.998591327334 0.001697716585 -0.003420838662 -0.001518426981 0.999992996097 -578.247150916171 15.174588844999 -5.741455452758 -1209.622574253121 -2836.829038650105
0.998482491504 -0.055036647902 0.001918735785 0.055037214720 0.998484274058 -0.000243833357 -0.001902407737 0.000349065212 0.999998129497 -574.200825977300 12.481757716245 -4.314762021412 -1227.335884427829 -2854.722939101583
0.998440971707 -0.055805302773 -0.001180761890 0.055804036060 0.998441156729 -0.001079864835 0.001239183452 0.001012290016 0.999998719846 -577.426081194388 11.248194274704 -4.647459741429 -1184.125508125015 -2815.874491874985
0.998408952354 -0.056259681823 -0.003796322014 0.056256736921 0.998415949562 -0.000878186103 0.003839714919 0.000663220178 0.999992408335 -578.759146317126 11.654618508168 -4.361240844129 -1087.300382165102 -2712.699617834898
0.998407312951 -0.056131129612 -0.005668662516 0.056134279653 0.998423148892 0.000398001166 0.005637383624 -0.000715573561 0.999983853800 -574.743129170195 12.945021466448 -6.982971493832 -992.033363365664 -2607.966636634336
0.998564767329 -0.052625391590 -0.009948548046 0.052664613817 0.998605318742 0.003722342226 0.009738783276 -0.004240936240 0.999943583689 -544.652318293767 14.206623324429 -15.524948661679 -1091.210159748666 -2708.789840251334
0.998750807456 -0.049812753883 -0.003938801517 0.049808134373 0.998758006770 -0.001262403479 0.003996793346 0.001064642139 0.999991446053 -506.789349217617 9.680900420646 -15.806191401723 -843.071388846889 -2556.928611153111
0.998727053381 -0.049997448816 0.006672927175 0.050016645071 0.998744621870 -0.002741441489 -0.006527485048 0.003071709211 0.999973977932 -483.152039788747 11.578732510754 -6.858527642366 -811.141170314383 -2588.858829685617
0.998634520598 -0.050724982658 0.012492814138 0.050728436935 0.998712483176 0.000040430435 -0.012478780263 0.000593365706 0.999921960935 -478.889049962941 14.281603353859 5.595858399875 -851.785673063950 -2548.214326936050
0.998639468177 -0.051043278392 0.010667536292 0.051025759626 0.998695514486 0.001908193018 -0.010751021073 -0.001361277718 0.999941279510 -495.897396636623 15.039684273043 12.230286422909 -1003.600834499879 -2596.399165500121
0.998703909413 -0.050818804566 0.002819649922 0.050819340372 0.998707855463 -0.000118659395 -0.002809976398 0.000261798351 0.999996017739 -523.882547253095 10.584935368433 8.368741055560 -1111.598635851543 -2688.401364148457
0.998665859603 -0.051443606780 -0.004478413234 0.051429053154 0.998671176977 -0.003306473401 0.004642559133 0.003071741549 0.999984505404 -551.909357866585 4.133179817715 0.988698075583 -1104.292640170824 -2695.707359829176
0.998587959604 -0.052767027779 -0.006142288946 0.052735745748 0.998595232001 -0.005148178912 0.006405314554 0.004816991287 0.999967883754 -567.531797873572 -0.318226913102 -4.190123390509 -998.061304959698 -2601.938695040302
0.998539122135 -0.053997813489 -0.001964103727 0.053991551619 0.998536541347 -0.003112547058 0.002129300078 0.003001954999 0.999993227151 -573.367689206348 1.536259167635 -1.064369269521 -876.235588328749 -2523.764411671251
0.998493666580 -0.054756729256 0.003478275456 0.054758155787 0.998499596605 -0.000316154724 -0.003455745041 0.000506142439 0.999993900804 -573.600280343193 5.160992719109 4.699206780978 -850.354596766759 -2549.645403233240
0.998464172074 -0.055054417146 0.006189364796 0.055053684389 0.998483354098 0.000288832060 -0.006195879202 0.000052358873 0.999980803985 -578.259258721206 6.401531862300 8.732129923925 -849.584227948781 -2550.415772051218
0.998465207668 -0.055070018153 0.005875557527 0.055071220992 0.998482427872 -0.000043004709 -0.005864272674 0.000366512832 0.999982737838 -586.989521962345 4.784558654561 10.602316016059 -844.544634813341 -2555.455365186659
0.998482835214 -0.054986771724 0.002912510645 0.054984794534 0.998486906675 0.000754698130 -0.002949602159 -0.000593409329 0.999995473846 -603.030850708892 5.771362074302 8.859146296782 -731.159858172628 -2468.840141827372
0.998495793697 -0.054827965255 -0.000210229180 0.054828190512 0.998494980529 0.001281945099 0.000139626340 -0.001291543275 0.999999156210 -618.125831978804 4.443611825895 6.140859423715 -723.686603477169 -2476.313396522831
0.998572720433 -0.053378122406 -0.001816055112 0.053381611673 0.998572319431 0.001930388844 0.001710421833 -0.002024577588 0.999996487765 -633.801749043562 4.282005544897 4.243505369987 -723.972122349007 -2476.027877650993
0.998754205966 -0.049874039529 -0.001617481333 0.049878203712 0.998751804527 0.002645325741 0.001483529320 -0.002722707273 0.999995192991 -645.617563939212 2.760488861706 2.888050283841 -837.143397517736 -2562.856602482264
0.999028302959 -0.044071781714 -0.000357692906 0.044072735594 0.999022688134 0.003355975499 0.000209439509 -0.003368479012 0.999994304726 -658.145516029197 1.672081458638 3.699172104339 -853.154392806946 -2546.845607193054
0.999310537569 -0.037118059994 0.000836137533 0.037114609304 0.999303710378 0.003821020982 -0.000977384226 -0.003787353613 0.999992350307 -670.438132170032 1.277072385064 2.660830412914 -971.931410929290 -2628.068589070710
0.999550134630 -0.029967709308 0.001210272796 0.029962791796 0.999543425109 0.003895180148 -0.001326449843 -0.003857164689 0.999991681371 -684.142130228992 -0.144989757953 1.588906449904 -977.296587109055 -2622.703412890945
0.999723250705 -0.023510472174 0.000824437886 0.023507409776 0.999717374137 0.003545918063 -0.000907571086 -0.003525556333 0.999993373362 -699.562494770699 -2.219926830155 -0.622764050952 -992.426021662739 -2607.573978337261
0.999841540833 -0.017801494674 0.000003572588 0.017801418029 0.999837785989 0.002740661373 -0.000052359878 -0.002740163493 0.999996244374 -716.367762860002 -5.260717505338 -1.884989731676 -1092.862575716306 -2707.137424283695
0.999914627927 -0.013053677096 -0.000581697271 0.013054689933 0.999913212373 0.001772792088 0.000558505332 -0.001780234619 0.999998259417 -731.052979860944 -7.377324370447 -5.011558795705 -1088.685658738982 -2711.314341261018
0.999958003914 -0.009144792425 -0.000602644592 0.009145396181 0.999957673124 0.001006821474 0.000593411911 -0.001012290615 0.999999311565 -744.896731100480 -8.955269603481 -4.760582123233 -1079.149584805593 -2720.850415194407
0.999982555678 -0.005898985825 -0.000300510267 0.005899178396 0.999982392318 0.000644010221 0.000296705968 -0.000645771750 0.999999747472 -759.464131849229 -9.121586851880 -6.166772884170 -1071.817239672043 -2728.182760327957
0.999995030933 -0.003141436180 -0.000263607474 0.003141587378 0.999994899812 0.000575133314 0.000261799385 -0.000575958602 0.999999799866 -773.138712287795 -9.333761933035 -5.514748420658 -1163.253136498321 -2836.746863501679
0.999999493117 -0.000837397101 -0.000559046020 0.000837757812 0.999999440872 0.000645303660 0.000558505332 -0.000645771678 0.999999635525 -788.256104855498 -7.977803989761 -6.055394416919 -1156.537055992639 -2843.462944007361
0.999999021417 0.001065268160 -0.000906845677 -0.001064650204 0.999999200940 0.000681644216 0.000907571086 -0.000680678075 0.999999356496 -802.752986899806 -4.343346850486 -6.839397749143 -1150.944371049518 -2849.055628950482
0.999995963671 0.002531355577 -0.001290302252 -0.002530722603 0.999996676704 0.000491959146 0.001291543287 -0.000488691764 0.999999046548 -816.826450158875 -3.695675814559 -7.674131945952 -1147.295901376161 -2852.704098623839
0.999992045542 0.003578409452 -0.001761771137 -0.003577911774 0.999993558481 0.000285557976 0.001762781632 -0.000279252243 0.999998407308 -831.666493578764 -1.448684347168 -7.664513818479 -1142.578042954124 -2857.421957045876
0.999989215052 0.004171716777 -0.002041215165 -0.004171316118 0.999991279922 0.000200502532 0.002042033806 -0.000191985816 0.999997896617 -845.727691662005 0.779946314443 -6.786990481845 -1242.183727203570 -2957.816272796430
0.999988242870 0.004398393717 -0.002041630230 -0.004398206365 0.999990323212 0.000096246923 0.002042033806 -0.000087266281 0.999997911239 -856.977883981113 3.540424581972 -7.897579440834 -1242.259177627081 -2957.740822372919
0.999989515706 0.004188842531 -0.001849885504 -0.004188770787 0.999991226151 0.000042655719 0.001850047952 -0.000034906525 0.999998288051 -870.922422746405 4.587857041550 -7.879411481868 -1237.701970531381 -2962.298029468619
