0.999998858904 0.001152496840 0.000976699844 -0.001151916501 0.999999159806 -0.000594537383 -0.000977384226 0.000593411627 0.999999346291 -486.928096871838 3.911297575220 -14.132594526003 -1188.842312776497 -2651.000000000000
0.999997702881 0.002111910762 -0.000366149725 -0.002111846683 0.999997754683 0.000175306567 0.000366519135 -0.000174532913 0.999999917601 -488.802800208221 1.272456099731 1.789794422199 -1201.060446177143 -2888.000000000000
0.999996022156 0.002809959332 0.000244541301 -0.002809976314 0.999996049620 0.000069126288 -0.000244346093 -0.000069813168 0.999999967711 -486.486796141403 -0.765651493610 -0.104679858890 -1163.829856905953 -2827.000000000000
0.999995923460 0.002844831605 0.000244940930 -0.002844882758 0.999995931526 0.000208743525 -0.000244346093 -0.000209439502 0.999999948215 -487.825012727100 -0.868372777416 0.053726421228 -1198.160931472589 -2867.000000000000
0.999996196397 0.002757614894 0.000052455937 -0.002757616719 0.999996197164 0.000034762064 -0.000052359878 -0.000034906585 0.999999998020 -485.673899238303 -0.123156722788 -0.921103180778 -1216.604284924824 -2895.000000000000
0.999996245593 0.002740162271 -0.000017644526 -0.002740163496 0.999996243311 -0.000069765083 0.000017453293 0.000069813170 0.999999997411 -469.998099365732 -0.886782734191 0.014456577706 -1158.089614871196 -2843.160385128804
0.999994860351 0.002721882607 0.001694292656 -0.002722706367 0.999996176261 0.000484080897 -0.001692968566 -0.000488691471 0.999998447518 -455.198662661592 1.757743766812 -0.296391531238 -1224.154349898972 -2896.000000000000
0.999981510271 0.002634678902 0.005480655311 -0.002635404543 0.999996519480 0.000125182814 -0.005480306419 -0.000139624243 0.999984973260 -440.238058070824 0.061909466465 -2.539368672879 -1171.642306646512 -2848.357693353488
0.999976568204 0.002632466527 0.006319269139 -0.002635391519 0.999996424025 0.000454586379 -0.006318049858 -0.000471229475 0.999979929893 -436.683416753428 0.656976723683 -0.402385550206 -1237.054654942203 -2962.945345057797
0.999967014912 0.002778674517 0.007632041405 -0.002792441950 0.999994492195 0.001793835767 -0.007627014884 -0.001815088630 0.999969266576 -437.443777974985 2.563679096887 0.607174164188 -1312.224129740342 -3087.775870259658
0.999991809317 0.002636141013 0.003071165943 -0.002635431686 0.999996499634 -0.000234987503 -0.003071774653 0.000226891730 0.999995256349 -452.113043332013 1.033250518321 5.807619341829 -869.381831411394 -2730.618168588606
0.999988696296 0.002550349487 0.004012854181 -0.002548157419 0.999996601487 -0.000551279298 -0.004014246498 0.000541047682 0.999991796513 -461.921308482893 -0.945999349990 6.148971840480 -751.792148448996 -2648.207851551004
0.999995354591 0.002652006186 0.001502551308 -0.002652894363 0.999996307356 0.000589427871 -0.001500982593 -0.000593411242 0.999998697456 -476.186694672339 1.351130425198 3.225874084384 -723.405402076833 -2676.594597923167
0.999986785750 0.002845165061 -0.004281747444 -0.002827403560 0.999987397617 0.004148541454 0.004293496769 -0.004136380406 0.999982227963 -496.213869110269 7.853621617390 -0.341657858838 -719.298728969246 -2680.701271030754
0.999949689158 0.002690257973 -0.009663418861 -0.002670225755 0.999994260694 0.002085299213 0.009668973393 -0.002059390789 0.999951133738 -515.242860916406 5.182044781481 -5.825863589704 -870.114809398570 -2729.885190601430
0.999966844936 0.002767242760 -0.007658419944 -0.002757535779 0.999995381652 0.001277760576 0.007661920449 -0.001256599845 0.999969857512 -520.686608652852 3.614569561150 -1.179176192436 -1139.791177218352 -2860.208822781648
0.999975784764 0.003571247718 -0.005972945238 -0.003577853594 0.999992999236 -0.001095646798 0.005968990597 0.001116990590 0.999981561572 -524.761980868881 -1.658562445079 -1.764257681357 -1378.566345625865 -3021.433654374135
0.999979348299 0.004280125792 -0.004794110888 -0.004293447674 0.999986941173 -0.002771965224 0.004782183923 0.002792491242 0.999984666237 -527.515043469039 -5.109229043027 -6.540236422431 -1330.936820907777 -2938.777464806510
0.999984767675 0.004732454170 -0.002840474601 -0.004729805497 0.999988374040 0.000938469816 0.002844882843 -0.000925020628 0.999995525479 -525.408814629234 -0.469756453477 -4.284488157688 -1360.297740610692 -2488.000000000000
0.999989223112 0.004642531071 0.000023773266 -0.004642559132 0.999988296739 0.001361260697 -0.000017453293 -0.001361356396 0.999999073202 -520.436014729538 2.744135330976 2.196427486601 -1101.378532522688 -2526.000000000000
0.999985757375 0.003946692123 0.003592863473 -0.003944408387 0.999992014389 -0.000642495300 -0.003595370513 0.000628314428 0.999993339244 -514.038787066791 -1.563967744350 6.299158341382 -1321.782232792599 -2539.000000000000
0.999989573287 0.003264373037 0.003193303434 -0.003263743260 0.999994653491 -0.000202409470 -0.003193947101 0.000191985237 0.999994880909 -514.052293890902 0.086400811803 4.385393985078 -1340.000803866047 -2649.000000000000
0.999996072115 0.002324761881 0.001565642306 -0.002321282957 0.999994841151 -0.002220206620 -0.001570795681 0.002216563600 0.999996309717 -513.394423720813 -3.683290954796 2.144541936113 -1333.107683590928 -2922.276931793687
0.999998065528 0.001486950428 0.001287601670 -0.001483528083 0.999995375552 -0.002654810467 -0.001291543287 0.002652895139 0.999995647022 -514.125458833206 -5.034804691163 1.631968526055 -1324.627546052019 -2931.648316016946
0.999998376390 0.000945692344 0.001533911168 -0.000942476545 0.999997359592 -0.002095840179 -0.001535889138 0.002094391101 0.999996627280 -510.582306452241 -3.875773323073 2.384684267065 -1380.520836739018 -3022.666663260982
0.999999947301 0.000261863035 0.000191899383 -0.000261799380 0.999999910730 -0.000331662802 -0.000191986217 0.000331612546 0.999999926587 -511.290536936269 -1.599655948596 -0.654171435349 -1295.599715247790 -2965.576755340446
0.999999870538 -0.000436236315 -0.000261959266 0.000436332284 0.999999837681 0.000366404868 0.000261799385 -0.000366519122 0.999999898562 -510.551398391404 1.704608846513 -0.603248927505 -1361.905123027639 -3038.094876972361
0.999999402645 -0.001029564839 -0.000367022124 0.001029744008 0.999999350588 0.000488314491 0.000366519135 -0.000488692138 0.999999813422 -509.145536558166 1.169269001162 -1.566975717463 -1390.638119484932 -3064.361880515068
0.999998898199 -0.001483527491 0.000052411605 0.001483529318 0.999998898963 -0.000034828869 -0.000052359878 0.000034906585 0.999999998020 -506.311672252908 0.392519818085 -0.580059179537 -1306.092598112380 -2971.483159463378
0.999998384157 -0.001797688161 0.000000031376 0.001797688161 0.999998384005 -0.000017453264 0.000000000000 0.000017453293 0.999999999848 -506.305104103291 0.896590410093 -0.581106348503 -1311.061244638620 -2980.090270512896
0.999997914894 -0.002042033806 0.000017453256 0.002042033805 0.999997915047 0.000000035640 -0.000017453293 0.000000000000 0.999999999848 -504.182841038596 0.564515605095 -0.586621152704 -1361.620163774816 -3040.379836225184
0.999997465432 -0.002251472832 -0.000000078591 0.002251472833 0.999997464823 0.000034906497 0.000000000000 -0.000034906585 0.999999999391 -504.182471879092 0.843419223084 -0.568941041007 -1361.392149032917 -3044.607850967083
0.999997141319 -0.002391098797 0.000000000000 0.002391098797 0.999997141319 0.000000000000 0.000000000000 0.000000000000 1.000000000000 -503.480466066272 1.760688068512 -0.565921564880 -1360.349524194895 -3049.650475805105
0.999996753999 -0.002513000454 0.000420500598 0.002513271257 0.999996633898 -0.000644716982 -0.000418879008 0.000645771722 0.999999703760 -502.062483333084 -0.909354229222 -0.660230488623 -1359.791245988105 -3054.208754011896
0.999991763167 -0.002652468426 0.003072134228 0.002652884835 0.999996472452 -0.000131476746 -0.003071774653 0.000139625681 0.999995272341 -496.448966217344 0.649411830033 -2.646168175668 -1284.901641880321 -2995.098358119679
0.999995553809 -0.002687781270 0.001291585533 0.002687801570 0.999996387757 -0.000013981815 -0.001291543287 0.000017453278 0.999999165805 -498.573975254250 1.402166303742 -0.158520756500 -1238.707499389631 -2961.292500610370
0.999996002661 -0.002809970914 -0.000314207063 0.002809976259 0.999996051872 0.000016570444 0.000314159260 -0.000017453292 0.999999950500 -500.686985035357 0.666259886111 1.760430048970 -1234.232369783349 -2965.767630216651
0.999995750895 -0.002914694810 -0.000052410526 0.002914695720 0.999995752116 0.000017300605 0.000052359878 -0.000017453292 0.999999998477 -501.436590388239 1.323961607831 0.770029539414 -1230.858201489836 -2969.141798510164
0.999995451913 -0.002966620036 0.000543431590 0.002967054941 0.999995277287 -0.000801242505 -0.000541052042 0.000802851252 0.999999531346 -499.313743512705 -0.818782100847 -0.339315756077 -1228.406723191742 -2971.593276808258
0.999991604767 -0.002933896889 -0.002860532078 0.002932136930 0.999995509538 -0.000619255368 0.002862336065 0.000610862698 0.999995716930 -505.013393673027 -0.969772034834 -4.531197751350 -1221.810771717521 -2978.189228282479
0.999994107187 -0.002809184474 -0.001973340828 0.002809970933 0.999995973662 0.000395882239 0.001972220776 -0.000401424936 0.999997974600 -503.692876213639 1.877343876610 -5.095295045813 -1213.474844067927 -2986.525155932073
0.999996230514 -0.002740175675 -0.000174340969 0.002740163455 0.999996243275 -0.000070291157 0.000174532924 0.000069813169 0.999999982332 -500.839952605221 0.549829454801 -0.198901935042 -1329.604815955447 -3116.395184044553
0.999996547316 -0.002617982966 -0.000226983408 0.002617990820 0.999996572467 0.000034312462 0.000226892801 -0.000034906584 0.999999973651 -499.473621162672 0.698772352279 -1.270228258426 -1315.679193445775 -3106.320806554225
0.999996577017 -0.002496311225 -0.000783827313 0.002495817469 0.999996686818 -0.000630276743 0.000785398083 0.000628318296 0.999999494183 -502.299214354119 -0.637114159545 -1.758790717722 -1239.790091023975 -3042.634151400267
0.999997437407 -0.002234064346 -0.000366245280 0.002234019434 0.999997497012 -0.000122991553 0.000366519135 0.000122173039 0.999999925369 -500.249009732880 0.434057841202 -1.933870491788 -1321.590229266758 -3141.097270733242
0.999998147317 -0.001919809693 -0.000140329739 0.001919860979 0.999998089995 0.000366250396 0.000139626340 -0.000366519131 0.999999923084 -501.028782017163 1.562032373823 -0.848319078959 -1235.162879407178 -3062.901636721854
0.999998590840 -0.001675498828 -0.000104982796 0.001675515289 0.999998584014 0.000156903952 0.000104719755 -0.000157079631 0.999999982180 -500.297205635621 0.042288250680 -0.839192992502 -1320.810537410729 -3152.673333557013
0.999998924701 -0.001466076046 0.000034906548 0.001466076046 0.999998925310 0.000000051176 -0.000034906585 0.000000000000 0.999999999391 -500.357030724467 0.725734983954 -1.820745265810 -1308.960197409055 -3146.975286461913
0.999999232212 -0.001239183452 -0.000000021628 0.001239183452 0.999999232060 0.000017453279 0.000000000000 -0.000017453293 0.999999999848 -500.353200904738 0.101839922643 -0.814845389162 -1311.225991448572 -3154.580460164331
0.999999469661 -0.001029744077 -0.000017453283 0.001029744077 0.999999469813 -0.000000017972 0.000017453293 0.000000000000 0.999999999848 -500.412165659816 0.999560056285 -0.815683365367 -1310.830994754085 -3157.169005245915
0.999999634307 -0.000855211229 -0.000000014926 0.000855211229 0.999999634155 0.000017453286 0.000000000000 -0.000017453293 0.999999999848 -500.352503033284 -0.841373737403 -0.815351812501 -1308.385004638375 -3160.711769555173
0.999999756306 -0.000698131644 -0.000000012185 0.000698131644 0.999999756154 0.000017453288 0.000000000000 -0.000017453293 0.999999999848 -500.413133749276 0.222125969477 -0.803885115430 -1307.609699531810 -3163.680623048836
0.999999833984 -0.000575958621 0.000017453290 0.000575958621 0.999999834136 0.000000010052 -0.000017453293 0.000000000000 0.999999999848 -500.413188990058 -0.066081888536 -0.797444662735 -1305.800429814698 -3166.586666959495
