0.999999444226 0.000349795003 0.000994581303 -0.000349065671 0.999999670149 -0.000733385439 -0.000994837510 0.000733037857 0.999999236477 -486.930287471235 3.403401708874 -14.188446003615 -1183.166500835691 -2645.000000000000
0.999997279006 -0.002303896509 -0.000366116062 0.002303832420 0.999997330796 -0.000175376860 0.000366519135 0.000174532913 0.999999917601 -488.322265027756 2.175262293152 1.622871566849 -1198.946310326298 -2888.000000000000
0.999979010410 -0.006475094534 0.000227792140 0.006475126110 0.999979026608 -0.000138154253 -0.000226892801 0.000139626336 0.999999964512 -487.871059707755 2.591712289286 -0.334853764479 -1158.343216496815 -2824.000000000000
0.999936023714 -0.011309492450 0.000209426114 0.011309492202 0.999936045645 0.000002368655 -0.000209439509 -0.000000000000 0.999999978068 -487.034894389909 4.236682660989 -0.249332378453 -1186.832287273736 -2860.000000000000
0.999858429199 -0.016824175628 0.000262055968 0.016824179622 0.999858463389 -0.000013046262 -0.000261799385 0.000017453292 0.999999965578 -485.966729115849 6.805712055935 -0.143093849134 -1204.234820465659 -2884.000000000000
0.999752346219 -0.022251040663 0.000370700289 0.022251109927 0.999752396512 -0.000183783225 -0.000366519135 0.000191986204 0.999999914403 -483.935082043621 8.351449433885 -1.043867704503 -1158.929395204131 -2861.070604795869
0.999616184677 -0.027662239943 0.001511229248 0.027659907084 0.999616200118 0.001543373613 -0.001553342410 -0.001500980782 0.999997667089 -480.297700783160 13.383519395275 0.005569016541 -1186.390519961849 -2877.359480038151
0.999450947755 -0.032741240606 0.005080767238 0.032736098717 0.999463433806 0.001091936304 -0.005113792420 -0.000925012276 0.999986496649 -471.610658715156 15.822577420913 -1.741444804462 -1201.134426321198 -2892.198907012135
0.999303795731 -0.036717695386 0.006613220405 0.036695200614 0.999320405484 0.003491337171 -0.006736919951 -0.003246233037 0.999972037549 -464.581419310213 21.108509193769 0.731895716805 -1229.679902584737 -2970.320097415263
0.999179844294 -0.040180705921 0.005014940460 0.040183609551 0.999192197508 -0.000479544768 -0.004991620932 0.000680669876 0.999987310124 -463.809549134039 14.438356984639 3.638128592325 -1300.872010748112 -3099.127989251889
0.999068206146 -0.043079806051 0.002617208175 0.043078694297 0.999071566994 0.000479710764 -0.002635444120 -0.000366517862 0.999996460043 -464.362238310383 17.245078943214 6.951178577743 -857.850576927240 -2742.149423072759
0.998927514603 -0.046221532300 0.002718551167 0.046217122183 0.998930033093 0.001663310637 -0.002792523174 -0.001535883149 0.999994921426 -460.820954064970 20.456601154708 7.454915414686 -733.956376512861 -2666.043623487139
0.998849779334 -0.047940062885 -0.000932037998 0.047943248604 0.998842967543 0.003764452539 0.000750491508 -0.003804807518 0.999992480073 -462.041682261958 25.628286142554 3.830770411496 -711.827624339819 -2688.172375660181
0.998756078701 -0.049060454455 -0.008908819601 0.049074476665 0.998794193204 0.001362116765 0.008831251218 -0.001797618058 0.999959387961 -471.501540845574 23.021831906219 2.300486020069 -721.397323695460 -2678.602676304540
0.998629754289 -0.051633425054 -0.008520755040 0.051636903279 0.998665907429 0.000188568775 0.008499651112 -0.000628295793 0.999963679928 -466.846914284826 23.170089043652 -1.762270255629 -893.549662212700 -2706.450337787300
0.998502261140 -0.054516576043 -0.004601894720 0.054496437412 0.998504298127 -0.004393737731 0.004834543195 0.004136370191 0.999979758612 -458.345255205590 14.054767980369 -4.592442435572 -1345.989253708797 -3054.010746291203
0.998382306816 -0.056793021217 -0.002705952208 0.056797143942 0.998384654392 0.001471840559 0.002617990887 -0.001623149929 0.999995255743 -449.514735868608 26.003085247957 -7.024371471252 -1363.965160509435 -3057.034839490565
0.998455845347 -0.055471793332 -0.002967328372 0.055472738713 0.998460173970 0.000237184389 0.002949602159 -0.000401423971 0.999995569343 -435.152495630433 25.377896256909 -6.577836132171 -1304.160411524669 -2976.839588475331
0.998345657131 -0.057492116837 0.000778067987 0.057494319289 0.998340738931 -0.003189394801 -0.000593411911 0.003228852937 0.999994611171 -418.499399315921 21.277431146498 -2.554152702691 -1321.944946215388 -2971.848157232887
0.998235597550 -0.059374874579 0.000562185387 0.059376058509 0.998232807900 -0.002396853730 -0.000418879008 0.002426005068 0.999996969515 -412.874253083222 23.381170455694 1.473773754337 -1309.681033999051 -2975.652299334282
0.998128823494 -0.061082556444 0.002788011650 0.061083145772 0.998132673178 -0.000126641272 -0.002775069949 0.000296704826 0.999996105469 -407.249694383150 29.527238698916 5.461556522654 -1266.110263589966 -2946.197428717726
0.998063787659 -0.062196773299 -0.000486986239 0.062198265925 0.998055116480 0.004166555484 0.000226892801 -0.004188777848 0.999991201291 -414.513937906499 39.646543570597 1.829443674847 -1274.446031640269 -2974.105692497662
0.997877330755 -0.064991968645 -0.004108135477 0.064984561682 0.997884438431 -0.001911617241 0.004223684232 0.001640594127 0.999989734419 -430.118593255538 27.334680480663 -0.900543671050 -1348.140872371306 -3051.859127628694
0.997743801360 -0.067076510106 -0.002837012356 0.067074687183 0.997747688074 -0.000732995297 0.002879789285 0.000541049798 0.999995707030 -439.616945488533 28.219482837455 -1.265712330181 -1373.062292153407 -3039.834259570730
0.997690189667 -0.067864211455 -0.002955375695 0.067858250148 0.997692819096 -0.002072826763 0.003089227862 0.001867492303 0.999993484551 -454.311535039833 24.306799037801 -3.494087905872 -1287.521637742731 -2945.709131488039
0.997753701445 -0.066920638806 -0.003029744835 0.066917919298 0.997757992330 -0.000990363207 0.003089227862 0.000785394335 0.999994919901 -468.217291523234 24.068424467292 -4.824817335023 -1282.988525574882 -2714.000000000000
0.997922211305 -0.064353983819 -0.003134477775 0.064357837944 0.997926229091 0.001144546765 0.003054321442 -0.001343896851 0.999994432515 -481.313177998503 26.722642955585 -3.539073105943 -1296.776442836313 -2837.000000000000
0.998108060484 -0.061484140909 -0.000003650217 0.061484051838 0.998106712140 -0.001643943424 0.000104719755 0.001640608752 0.999998648717 -490.240272130365 17.717285292459 0.757220836002 -1308.853465025052 -2971.146534974948
0.998444658673 -0.055751793967 0.000032199530 0.055751800534 0.998444262420 -0.000889706416 0.000017453293 0.000890117801 0.999999603693 -502.341880390648 18.349709349056 0.960922683596 -1310.788152635877 -2978.211847364123
0.998792671545 -0.049112546383 -0.001075664810 0.049111223351 0.998792566233 -0.001223674171 0.001134463770 0.001169369580 0.999998672782 -512.650133097442 14.735166275128 0.846114661631 -1268.333859498065 -2942.332807168602
0.999103897056 -0.042312690006 -0.001019388031 0.042311575325 0.999103868296 -0.001091306603 0.001064650643 0.001047196766 0.999998884948 -518.878183469862 12.345204638209 -0.163222083351 -1262.632401725484 -2946.094871001789
0.999376697975 -0.035300704102 -0.000275381949 0.035300673694 0.999376730429 -0.000114512295 0.000279252677 0.000104719751 0.999999955526 -521.549745960997 12.695364578754 1.920990951166 -1257.123810503536 -2953.542856163131
0.999583748189 -0.028846115913 -0.000481615465 0.028846287293 0.999583797018 0.000352773118 0.000471238881 -0.000366519094 0.999999821799 -522.291324810268 10.450869225024 0.742536440673 -1249.444676959941 -2950.555323040059
0.999728967929 -0.023280602857 -0.000064918372 0.023280588694 0.999728948098 -0.000211008036 0.000069813170 0.000209439508 0.999999975631 -522.010222812024 8.165962305224 1.909015290948 -1246.216237953977 -2953.783762046022
0.999828870206 -0.018499441638 -0.000031026098 0.018499434723 0.999828848751 -0.000210049420 0.000034906585 0.000209439509 0.999999977458 -518.400094889112 4.790560774419 2.095744841214 -1244.253323340818 -2955.746676659182
