0.999989724775 0.004427247607 -0.000974588687 -0.004425759785 0.999989045717 0.001523514281 0.000981322986 -0.001519185331 0.999998364539 -151.352949141943 -2535.822451034721 -12.186976873336 -951.2970430268063 -2848.702956973194
0.999998611590 0.001347355049 0.000980536335 -0.001349205559 0.999997305593 0.001889034642 -0.000977988493 -0.001890354964 0.999997735046 -54.981786465586 -2487.673047117913 -7.636340224318 -960.2032110930783 -2839.796788906922
0.999995369324 -0.002832878692 0.001111813092 0.002831374989 0.999995078060 0.001351729338 -0.001115636905 -0.001348575119 0.999998468349 1.237262730162 -2361.356380039958 -5.951812493937 -1038.9106701715946 -2761.0893298284054
0.999993653043 -0.003325134956 0.001279590369 0.003322448970 0.999992285014 0.002095530061 -0.001286548417 -0.002091265387 0.999996985697 -70.260289417953 -2255.600250863307 9.678105514684 -1009.788788349384 -2790.211211650616
0.999990925153 -0.004130592452 0.001042984874 0.004128542720 0.999989557065 0.001959820531 -0.001051069202 -0.001955496739 0.999997535640 -67.959445694681 -2170.185252322660 2.095400307332 -994.9261315067449 -2805.073868493255
0.999986598595 -0.005095163349 0.000917573268 0.005093702260 0.999985766602 0.001587699841 -0.000925649798 -0.001583004719 0.999998318633 -34.587463391388 -2103.556514191130 -2.513694068710 -961.6393623307267 -2838.3606376692733
0.999993874920 -0.003119745026 0.001586604356 0.003116696304 0.999993299122 0.001920394578 -0.001592584865 -0.001915437852 0.999996897381 11.996403963202 -2014.295643174778 -6.239627506219 -959.065270891442 -2840.934729108558
0.999998402192 0.000275785601 0.001766226244 -0.000280272401 0.999996733425 0.002540587725 -0.001765519817 -0.002541078690 0.999995212918 -48.303924043221 -1846.618789856725 10.137580710276 -940.3371716723693 -2859.6628283276305
0.999998945652 -0.000329123040 0.001414345292 0.000326659594 0.999998429999 0.001741635329 -0.001414916284 -0.001741171483 0.999997483164 -43.801584707063 -1757.598825740808 -13.661758509574 -985.7527575433348 -2814.247242456665
0.999999681934 -0.000601202217 0.000524106217 0.000600383335 0.999998601104 0.001561195301 -0.000525044078 -0.001560880139 0.999998643990 -11.958911051146 -1649.987639686887 14.402805186207 -957.6163908060134 -2842.3836091939866
0.999996063010 0.002682541178 0.000823370002 -0.002683428761 0.999995817710 0.001078783088 -0.000820472678 -0.001080988295 0.999999079144 8.345220005014 -1447.840914610792 -21.989481747462 -836.9813223221072 -2763.018677677893
0.999998789374 0.001179990631 0.001014334072 -0.001181962092 0.999997409570 0.001945204270 -0.001012036122 -0.001946400820 0.999997593650 -7.852190245447 -1381.996140851519 -6.555525810951 -831.7676848178312 -2768.232315182169
0.999993454036 0.003587056479 0.000474247020 -0.003587682059 0.999992686565 0.001324898069 -0.000469491067 -0.001326590844 0.999999009867 -29.194210882065 -1060.204478909058 -6.704683319915 -868.7314253541808 -2731.268574645819
0.999992214519 0.003897945785 0.000613937530 -0.003898438947 0.999992077736 0.000804138624 -0.000610798177 -0.000806525761 0.999999488221 -11.728172926192 -1010.670175782593 -5.514592705970 -896.0018534311636 -2703.9981465688365
0.999991714223 0.004056107009 0.000345661990 -0.004056383354 0.999991450797 0.000802549743 -0.000342403807 -0.000803945231 0.999999618216 -16.666375505267 -956.398153062236 -7.722147151940 -898.2400400360609 -2701.759959963939
0.999998985092 -0.001362119270 0.000417667869 0.001361754561 0.999998692402 0.000872249288 -0.000418855431 -0.000871679642 0.999999532367 -33.130378449235 -779.359091084142 -2.760559983013 -913.9188801101814 -2686.0811198898186
0.999990955325 -0.004223646402 0.000500079764 0.004223156772 0.999990606000 0.000976145032 -0.000504197958 -0.000974024288 0.999999398530 6.408080950890 -715.678592793460 -0.350767849823 -925.8695249037451 -2674.130475096255
0.999995829491 -0.002847139411 0.000484559113 0.002846793128 0.999995693098 0.000713831444 -0.000486589404 -0.000712449028 0.999999627823 3.402179341477 -655.702133472528 -0.944403467018 -1078.6653578967605 -2721.3346421032393
0.999999066384 -0.001327587749 0.000323637394 0.001327437950 0.999999011937 0.000462638544 -0.000324251268 -0.000462208503 0.999999840612 -6.683827190051 -614.494361953897 -0.781741247787 -1122.462349345242 -2677.537650654758
0.999995904436 -0.002846003383 0.000302283235 0.002845889875 0.999995880032 0.000375272941 -0.000303350017 -0.000374411139 0.999999883898 4.747572619605 -480.103239145235 -1.307428743708 -1119.601778300853 -2680.398221699147
0.999999988253 -0.000136159605 0.000070391206 0.000136136849 0.999999938513 0.000323171876 -0.000070435204 -0.000323162289 0.999999945303 -41.024544515313 -320.768506178152 -1.100675238111 -1113.070350936874 -2686.929649063126
0.999999877670 0.000485976793 -0.000092119898 -0.000485946884 0.999999829302 0.000324426416 0.000092277546 -0.000324381611 0.999999943131 -47.530115365986 -280.056105218870 3.872719924274 -1140.5030843203963 -2659.4969156796037
0.999999973667 0.000228854078 0.000017088192 -0.000228857097 0.999999958175 0.000176843754 -0.000017047720 -0.000176847660 0.999999984217 -41.807544284819 -220.662101764000 -1.063772132928 -1047.829411905207 -2552.170588094793
0.999999996316 0.000081574715 0.000026729717 -0.000081577561 0.999999991005 0.000106466371 -0.000026721032 -0.000106468552 0.999999993975 -19.571426516727 -90.737915504738 -1.896738751280 -1045.998145863338 -2554.0018541366617
0.999999999730 0.000022414735 -0.000006122438 -0.000022414415 0.999999998380 0.000052320302 0.000006123610 -0.000052320165 0.999999998613 2.984033334988 -40.044133321244 -0.923280941394 -1048.267493186692 -2551.7325068133077
0.999999999166 0.000018208140 0.000036560770 -0.000018209398 0.999999999243 0.000034384248 -0.000036560144 -0.000034384914 0.999999998741 -11.296365070552 -28.870795272669 -1.388874172405 -1062.6834234933153 -2537.3165765066847
0.999999999798 0.000019138803 0.000006135262 -0.000019138868 0.999999999761 0.000010522311 -0.000006135061 -0.000010522428 0.999999999926 -3.406721817854 -8.968126174788 -0.220697943761 -1195.2092964931583 -2658.245248961387
0.999999998895 0.000045260140 0.000012678902 -0.000045260065 0.999999998958 -0.000005891574 -0.000012679169 0.000005891000 0.999999999902 -1.247003018613 4.924468523836 0.304292875220 -1198.3110693959063 -2655.991960907124
0.999999996602 0.000071373074 0.000041264811 -0.000071373475 0.999999997406 0.000009700593 -0.000041264118 -0.000009703539 0.999999999102 -2.947246758642 5.979223704025 -0.467460806435 -1502.692984103479 -2944.057015896521
0.999999964314 -0.000033891409 -0.000264995249 0.000033911837 0.999999996454 0.000077081092 0.000264992636 -0.000077090076 0.999999961918 3.373391527198 0.016860808803 14.936894519722 -1546.9623494518407 -2957.3824781343656
0.999999999740 -0.000022661576 0.000002605703 0.000022661559 0.999999999724 0.000006266032 -0.000002605845 -0.000006265973 0.999999999977 5.598157337994 -4.215852074387 -0.681987597821 -1324.1911251540555 -2738.536147573217
0.999999974885 -0.000029126458 -0.000222221887 0.000029137731 0.999999998289 0.000050727621 0.000222220409 -0.000050734094 0.999999974022 4.607997520514 1.778983949766 13.521635562259 -1522.8284602128238 -2924.068091511314
0.999999999881 -0.000014895208 0.000004084949 0.000014895149 0.999999999786 0.000014371427 -0.000004085163 -0.000014371366 0.999999999888 0.354806619319 0.246522173307 0.533563943768 -1333.4212528399926 -2734.320682643878
0.999999999870 0.000015361432 0.000004900217 -0.000015361346 0.999999999727 -0.000017614442 -0.000004900488 0.000017614367 0.999999999833 0.129964602418 1.226671596335 -1.153781927482 -1330.4397662140618 -2732.6636820618005
0.999999999990 -0.000001232948 -0.000004319108 0.000001232880 0.999999999875 -0.000015790812 0.000004319128 0.000015790806 0.999999999866 0.426794467881 4.725266266380 -0.379531581989 -1327.4766588226419 -2722.523341177358
0.999999999780 -0.000020940519 -0.000001380024 0.000020940516 0.999999999779 -0.000001711009 0.000001380060 0.000001710980 0.999999999998 0.656310114296 2.876096691522 -0.191467155884 -1334.858355954154 -2741.141644045846
0.999999999863 -0.000015786782 0.000005074340 0.000015786828 0.999999999835 -0.000008980693 -0.000005074198 0.000008980773 0.999999999947 1.242758972013 2.874514276196 -0.714754928550 -1332.7907959370955 -2743.2092040629045
0.999999999591 -0.000023766116 0.000015913754 0.000023766132 0.999999999717 -0.000000951870 -0.000015913732 0.000000952248 0.999999999873 -2.707323831256 3.423527258199 0.032569337285 -1518.9753013471086 -2937.6913653195575
0.999999999912 -0.000012013612 0.000005590403 0.000012013664 0.999999999883 -0.000009443928 -0.000005590289 0.000009443995 0.999999999940 -2.386643355609 -0.093648034755 -0.579180956430 -1529.97380850821 -2941.543432871101
0.999999999847 -0.000002540869 0.000017314103 0.000002540810 0.999999999991 0.000003420783 -0.000017314112 -0.000003420739 0.999999999844 1.677651775163 -2.823592085915 -0.241800782634 -1531.599224569619 -2946.703805733411
0.999999981903 -0.000024085891 -0.000188717352 0.000024100363 0.999999996769 0.000076684195 0.000188715504 -0.000076688742 0.999999979253 -0.756639847292 2.845253807276 15.934061860673 -1524.9020462449053 -2957.522196179337
0.999999999065 -0.000039683187 0.000017201884 0.000039683005 0.999999999157 0.000010584156 -0.000017202304 -0.000010583474 0.999999999796 -3.674606800488 -5.786392209968 0.232727788162 -1319.1562267444697 -2756.8437732555303
0.999999999616 -0.000014770165 0.000023434188 0.000014769777 0.999999999754 0.000016523097 -0.000023434432 -0.000016522751 0.999999999589 -1.548781445005 -2.891015803777 1.402168582632 -1317.774107133589 -2751.536237693997
0.999999999554 -0.000006139994 0.000029212746 0.000006139398 0.999999999773 0.000020388384 -0.000029212871 -0.000020388205 0.999999999365 -2.405445604155 -4.233486388331 2.119185136044 -1311.4224264770646 -2763.060332143625
0.999999999539 -0.000011421923 0.000028139468 0.000011421571 0.999999999857 0.000012499669 -0.000028139611 -0.000012499348 0.999999999526 3.530315214760 -1.361735741702 2.480108168257 -1306.6727289546557 -2759.5341675970685
0.999999999486 0.000029583983 0.000012359892 -0.000029583695 0.999999999291 -0.000023291759 -0.000012360581 0.000023291393 0.999999999652 -1.565467045090 7.968695419727 2.823835830549 -1305.5855508711866 -2767.1417218560864
0.999999998165 0.000022498963 0.000056243582 -0.000022498460 0.999999999707 -0.000008945467 -0.000056243783 0.000008944201 0.999999998378 -0.883741799316 4.621431344248 3.207016988410 -1267.750053989554 -2735.249946010446
0.999999999051 0.000031509918 0.000030096603 -0.000031509664 0.999999999468 -0.000008428486 -0.000030096869 0.000008427538 0.999999999512 -0.471088941559 3.034635662926 2.056557296005 -1301.542554953399 -2774.4574450466007
0.999999999494 0.000008607017 0.000030631930 -0.000008606516 0.999999999829 -0.000016370688 -0.000030632071 0.000016370424 0.999999999397 1.558864945655 3.469915819272 0.663444873704 -1297.2767188849332 -2777.2060397357563
0.999999999686 0.000023721742 0.000008117759 -0.000023721604 0.999999999574 -0.000016980572 -0.000008118161 0.000016980379 0.999999999823 0.569687869943 5.093838290131 0.269042532725 -1306.9630031084457 -2789.243893443279
0.999999999683 0.000017970191 0.000017614402 -0.000017969922 0.999999999721 -0.000015302846 -0.000017614677 0.000015302529 0.999999999728 0.331046598504 5.542133967112 0.571018087849 -1284.6338695915692 -2775.3661304084308
0.999999999996 0.000002799644 0.000000233172 -0.000002799642 0.999999999975 -0.000006422957 -0.000000233190 0.000006422957 0.999999999979 3.528787402265 1.755348803598 -0.396087597886 -1283.080972668496 -2776.919027331504
0.999999999880 -0.000003822989 0.000015017672 0.000003822972 0.999999999992 0.000001099884 -0.000015017677 -0.000001099826 0.999999999887 -4.640035160455 -0.342100482247 0.066859571073 -1287.9529319309818 -2779.3197953417452
0.999999999823 -0.000016862648 0.000008354014 0.000016862623 0.999999999853 0.000002981112 -0.000008354064 -0.000002980972 0.999999999961 2.098798548713 -2.887060257731 -0.498112202262 -1302.824056516112 -2793.3828400356124
0.999999999407 -0.000029500779 -0.000017776821 0.000029500709 0.999999999557 -0.000003915518 0.000017776937 0.000003914994 0.999999999834 3.125708237229 0.037131091870 0.790060179426 -1306.389110300985 -2796.0246828024633
0.999999999898 -0.000013138904 -0.000005555280 0.000013138939 0.999999999894 0.000006301346 0.000005555197 -0.000006301419 0.999999999965 -0.265300795043 -2.342653131852 0.167531859814 -1278.2059709242646 -2769.3802359722868
0.999999999958 -0.000009056773 -0.000001322795 0.000009056775 0.999999999958 0.000001408846 0.000001322783 -0.000001408858 0.999999999998 3.355145478557 -1.076069909757 -0.338458625852 -1279.746287401245 -2765.253712598755
0.999999999701 -0.000021186184 0.000012208366 0.000021185751 0.999999999148 0.000035428793 -0.000012209117 -0.000035428534 0.999999999298 1.355006675912 -1.279272818410 1.265154868020 -1282.9050204608882 -2762.0949795391116
0.999999999715 -0.000021650830 0.000010047029 0.000021650365 0.999999998696 0.000046247952 -0.000010048030 -0.000046247735 0.999999998880 4.690900544195 -3.016790347751 1.480105499878 -1310.587005940844 -2785.6198906108807
0.999999999878 -0.000015579405 0.000000814138 0.000015579404 0.999999999878 0.000001486814 -0.000000814161 -0.000001486801 0.999999999999 -1.192677716852 -0.479418773428 0.041961152612 -1282.7145370296998 -2753.4923595220243
0.999999999584 -0.000023386705 0.000016879859 0.000023386632 0.999999999717 0.000004287304 -0.000016879959 -0.000004286909 0.999999999848 -0.606048648423 -2.777462729515 -0.512146591429 -1262.841292201094 -2743.158707798906
0.999999999978 -0.000004187397 -0.000005171516 0.000004187338 0.999999999925 -0.000011481481 0.000005171564 0.000011481459 0.999999999921 1.799310181385 0.562410530018 -0.630916795919 -1305.4749278256807 -2770.5250721743196
0.999999999915 -0.000013046412 0.000000759631 0.000013046414 0.999999999911 -0.000002897973 -0.000000759593 0.000002897983 0.999999999996 2.704100575364 0.080208860397 0.136503266694 -1288.4564586368822 -2747.750437914842
0.999999999956 -0.000006863973 -0.000006435510 0.000006863939 0.999999999962 -0.000005281015 0.000006435547 0.000005280971 0.999999999965 5.749846501914 3.629703926086 0.574116928658 -1304.565351537965 -2765.779476048242
0.999999999948 0.000009129814 0.000004565391 -0.000009129805 0.999999999956 -0.000002171348 -0.000004565411 0.000002171306 0.999999999987 1.856061121467 5.685366688319 0.843762307198 -1290.2004017287136 -2759.7995982712864
0.999999999851 0.000016070319 0.000006293045 -0.000016070294 0.999999999863 -0.000003903798 -0.000006293108 0.000003903697 0.999999999973 5.079210111489 4.331556073658 0.220137931883 -1296.6686838836395 -2779.3313161163605
0.999999999878 0.000014698983 0.000005258782 -0.000014698935 0.999999999850 -0.000009151494 -0.000005258917 0.000009151417 0.999999999944 -0.507090237026 6.517138967426 0.160797721015 -1290.4360853948078 -2772.6673628810545
0.999999999758 -0.000021106072 -0.000006215385 0.000021106095 0.999999999770 0.000003694999 0.000006215307 -0.000003695131 0.999999999974 3.728500526384 1.446746173661 -0.583931565374 -1290.389806772308 -2772.7136415035543
0.999999999609 -0.000010720549 -0.000025813379 0.000010720646 0.999999999935 0.000003756153 0.000025813339 -0.000003756430 0.999999999660 0.939535548056 2.072478951944 -0.099040533567 -1290.2197557613213 -2772.883692514541
0.999999999954 0.000001492139 -0.000009464259 -0.000001492161 0.999999999996 -0.000002295990 0.000009464256 0.000002296004 0.999999999953 1.539474151270 3.267065214499 -0.846111333819 -1277.7718633986863 -2763.607446946141
0.999999999881 -0.000003167827 -0.000015106732 0.000003167821 0.999999999995 -0.000000450401 0.000015106734 0.000000450353 0.999999999886 0.634473840064 1.281212304122 -0.615754403190 -1282.0081934402217 -2762.9918065597785
0.999999999982 -0.000000371325 -0.000005926004 0.000000371311 0.999999999997 -0.000002399306 0.000005926005 0.000002399303 0.999999999980 2.274735611809 1.638766601919 -0.126607686673 -1298.4974548358482 -2777.502545164152
0.999999999862 0.000004563515 -0.000015974215 -0.000004563659 0.999999999949 -0.000009006409 0.000015974174 0.000009006482 0.999999999832 -0.431185348729 3.980771601538 -0.660435612114 -1297.8928487566611 -2778.107151243339
