0.999948243226 0.010081140772 0.001371667053 -0.010083681230 0.999947432298 0.001857959518 -0.001352864596 -0.001871694809 0.999997333254 -119.982322912701 -3064.444348123245 -30.127957079300 -1250.7744039604445 -2949.2255960395555
0.999974750156 0.006670850859 0.002449244823 -0.006668458921 0.999977281960 -0.000983473066 -0.002455749783 0.000967115545 0.999996516984 -110.648293705058 -2981.197186518500 -15.796098579426 -1213.0058220454027 -2986.994177954597
0.999983650662 0.005665296588 0.000776417446 -0.005668436289 0.999975516322 0.004103119246 -0.000753153049 -0.004107453235 0.999991280756 -128.076327058697 -2951.307595047414 -32.302804249864 -1186.4704863043153 -3013.5295136956847
0.999990724957 0.003804265613 0.002019297611 -0.003800975613 0.999991446789 -0.001630623799 -0.002025483666 0.001622933373 0.999996631746 -71.095015551921 -2965.390494539490 17.376883989578 -1263.5531853245186 -2936.4468146754816
0.999997243381 0.002347583824 0.000045607289 -0.002347703205 0.999993260691 0.002822562908 -0.000038980778 -0.002822662200 0.999996015521 -88.591324517705 -2889.504308149641 -19.588880158840 -1109.0551432436787 -2890.9448567563213
0.999999815373 0.000321490001 -0.000515652592 -0.000320053090 0.999996072743 0.002784253141 0.000516545676 -0.002784087591 0.999995991010 -110.759996401910 -2845.817067060257 -13.204264428063 -1179.50442673377 -2820.49557326623
0.999986144792 -0.005260736624 -0.000186748928 0.005261088572 0.999984284389 0.001936988039 0.000176556009 -0.001937943705 0.999998106599 -142.304273931997 -2830.751976989663 17.296829978425 -1146.543121185699 -2853.456878814301
0.999999665456 0.000817951370 -0.000006648344 -0.000817928294 0.999995345150 0.002939502056 0.000009052682 -0.002939495635 0.999995679632 -98.012396185926 -2791.552346937665 -0.546978663207 -1107.4265321014736 -2892.5734678985264
0.999999729900 0.000636880198 -0.000366855590 -0.000635703884 0.999994685220 0.003197719750 0.000368890205 -0.003197485675 0.999994819989 -152.626176287032 -2773.247508448630 -5.771808762007 -1070.2970367996322 -2929.702963200368
0.999999630548 0.000009175178 0.000859546667 -0.000012332597 0.999993252891 0.003673420855 -0.000859507163 -0.003673430099 0.999992883554 -150.550731209662 -2693.605902511593 2.993341937352 -903.5277522268279 -2896.472247773172
0.999993860011 -0.002678597753 0.002259436566 0.002672970769 0.999993328061 0.002489791137 -0.002266090640 -0.002483736442 0.999994347927 -52.486543474440 -2689.358775905238 38.804758517569 -1352.0519123977513 -3247.948087602249
0.999994309505 -0.003365302700 -0.000235998954 0.003366119442 0.999988032308 0.003550278960 0.000224048366 -0.003551053158 0.999993669892 -83.085006936379 -2697.740503729012 -78.853331504911 -1120.4836573092457 -2879.5163426907543
0.999987497437 -0.004801202650 0.001397649002 0.004798157169 0.999986125042 0.002174261143 -0.001408068678 -0.002167527820 0.999996659577 -89.746215409906 -2655.671107670780 18.070023324916 -1446.0104151519377 -3153.9895848480623
0.999988518088 -0.004475376231 0.001713096531 0.004471503920 0.999987454344 0.002257611095 -0.001723178699 -0.002249925055 0.999995984238 -85.028614128327 -2598.092815445773 51.969923711918 -1456.4185490951054 -3143.5814509048946
0.999997641785 -0.002052586812 0.000709444873 0.002051971682 0.999997519118 0.000866701251 -0.000711222092 -0.000865243446 0.999999372758 -35.045811259915 -2761.531054216679 16.152451778476 -1127.2372403199445 -2872.7627596800558
0.999994213400 -0.003394408814 0.000226176538 0.003393809548 0.999990862924 0.002599254620 -0.000234997404 -0.002598471979 0.999996596354 -166.466299369623 -2453.205472054558 -25.136851299537 -1000.2232480047583 -2799.7767519952417
0.999956778199 -0.009221843823 -0.001182933266 0.009226471808 0.999949560768 0.003968392280 0.001146277706 -0.003979135060 0.999991426229 -41.986784569727 -2583.460689905773 -56.456477705100 -1004.9332982256408 -2795.066701774359
0.999988907796 -0.004708303661 0.000127125344 0.004707919827 0.999984806606 0.002867411363 -0.000140624056 -0.002866781061 0.999995880887 -198.493058855237 -2392.115475913037 -4.824958067089 -1432.857777133324 -3167.142222866676
0.999989489592 0.004579778473 0.000215253157 -0.004580249663 0.999986997279 0.002242005040 -0.000204982472 -0.002242967389 0.999997463537 -68.282468659368 -2534.467205981925 -17.466223131393 -1435.7524566575712 -3164.247543342429
0.999947425147 -0.010245524398 0.000419727595 0.010244422494 0.999944277408 0.002548310513 -0.000445812985 -0.002543876670 0.999996664966 -105.676958786354 -2497.451332146121 -2.198869153914 -1450.7667853561243 -3149.2332146438757
0.999970886517 -0.007621145686 -0.000379811722 0.007621979404 0.999968433934 0.002244229458 0.000362696133 -0.002247059037 0.999997409585 -180.775866101576 -2401.187172461911 -25.171283742863 -1130.6014774852251 -2869.398522514775
0.999950225651 -0.009960749629 0.000574183913 0.009958709731 0.999944451178 0.003452341172 -0.000608539923 -0.003446451203 0.999993875808 -219.494594850231 -2421.109203904186 10.786820594769 -1419.081966057868 -3180.918033942132
0.999906204299 -0.013696041325 0.000032503436 0.013695894705 0.999902209718 0.002827272242 -0.000071222695 -0.002826561893 0.999996002730 -75.547474335777 -2356.033850499026 -22.769107458969 -1410.2161419246945 -3189.7838580753055
0.999908048360 -0.013517262269 -0.001085562236 0.013519928277 0.999905508015 0.002487283756 0.001051838392 -0.002501731770 0.999996317480 -93.013655794518 -2346.516311954311 -64.600559615047 -1003.1837758242452 -2796.8162241757545
0.999920794855 -0.012585710832 0.000062442016 0.012585432761 0.999915242652 0.003333825841 -0.000104395292 -0.003332775925 0.999994440838 -152.717562068345 -2337.900186589820 -4.774552821478 -1387.009737809697 -3212.990262190303
0.999922368757 -0.012244263627 0.002309646562 0.012238155945 0.999921625171 0.002640275499 -0.002341793773 -0.002611804717 0.999993847220 -219.990451125105 -2405.790076075176 108.083153064393 -1079.0908007544488 -2920.9091992455515
0.999974433665 -0.007142571610 -0.000340129539 0.007143436956 0.999971066627 0.002614807189 0.000321443251 -0.002617170032 0.999996523542 -78.485109735877 -2251.436181398023 -26.371987152038 -1017.7244206067332 -2982.2755793932665
0.999972189311 -0.007456782750 -0.000130369628 0.007457173301 0.999966722167 0.003308341608 0.000105695705 -0.003309221789 0.999994518925 -101.521454155488 -2273.379655898804 -24.218422749506 -1009.0373947859732 -2990.9626052140266
0.999950599713 -0.009925124213 -0.000538555611 0.009926449357 0.999947565421 0.002516349075 0.000513552295 -0.002521570711 0.999996688967 -85.986330433490 -2298.042156885315 -50.774732093925 -1025.6255947643863 -2974.3744052356137
0.999882409073 -0.015309954211 -0.000879390773 0.015312196726 0.999879374243 0.002602612985 0.000839438810 -0.002615772346 0.999996226532 -18.277522607638 -2302.075066045941 -70.107883052444 -1020.6741724269688 -2979.3258275730313
0.999685192496 -0.025085042303 -0.000506514957 0.025085866742 0.999683866876 0.001692807846 0.000463890674 -0.001704981304 0.999998438921 -107.644546278201 -2239.614417398455 -59.216947839884 -975.6042444409813 -3024.3957555590187
0.999892360557 0.014668207162 0.000333164957 -0.014668158098 0.999892405645 -0.000149234889 -0.000335318118 0.000144331909 0.999999933365 -131.725505171557 -138.307495819186 10.232766722233 -987.8405569603967 -3012.1594430396035
0.999671935894 -0.025609189778 -0.000435872239 0.025609998779 0.999670079957 0.001964484844 0.000385419571 -0.001975003055 0.999997975405 -123.092008543969 -2295.927442699513 -51.077754242228 -1006.2738121857841 -2993.726187814216
0.999935798695 0.011325303104 0.000368779763 -0.011325284338 0.999935865510 -0.000052933638 -0.000369355601 0.000048753703 0.999999930600 -234.940061520845 -286.394753310252 5.266104889126 -929.1845799245095 -2870.8154200754907
0.999915611892 0.012971851867 0.000707215205 -0.012971989571 0.999915842062 0.000190474493 -0.000704684880 -0.000199632407 0.999999731783 -325.232798364185 -219.396215923126 14.357095062917 -940.1029583806448 -2859.897041619355
0.999979373958 0.006422546965 0.000050493873 -0.006422567562 0.999979287356 0.000418909217 -0.000047802363 -0.000419224877 0.999999910983 -371.260517980503 -543.052883078540 -14.537167636829 -980.6511671748099 -2819.34883282519
0.999904464026 0.013819383428 0.000295742212 -0.013819457936 0.999904475129 0.000251393205 -0.000292239862 -0.000255456185 0.999999924669 -244.515395929665 -200.578800169352 -0.146301827991 -1095.7656570645154 -2904.2343429354846
0.999998959442 -0.000753704721 -0.001230058384 0.000754558687 0.999999474550 0.000693932069 0.001229534717 -0.000694859498 0.999999002707 -259.899710734769 -1560.858640001905 -84.064566048187 -1103.5408704543447 -2896.4591295456553
0.999958654805 0.009093164170 0.000055197733 -0.009093175239 0.999958635477 0.000203713981 -0.000053343045 -0.000204207482 0.999999977727 -267.943543865101 -408.105242086972 -12.698153791943 -1116.31242263977 -2883.68757736023
0.999864637017 0.016452279639 0.000173604425 -0.016452282301 0.999864651947 0.000013918369 -0.000173351939 -0.000016772673 0.999999984834 -111.599755426264 -95.836471650391 1.281590292735 -1111.9364758863385 -2888.0635241136615
0.999982310112 0.005943706881 0.000227621920 -0.005943642949 0.999982297051 -0.000280521408 -0.000229285227 0.000279163542 0.999999934748 -165.051852742888 -654.392236855201 -6.171250185927 -1132.8148650867013 -2867.1851349132985
0.999907772732 0.013581083152 -0.000014491475 -0.013581090459 0.999907438890 -0.000817088814 0.000003393182 0.000817210266 0.999999666078 -319.818530032288 -993.516019099984 -39.411713764336 -1117.841441615251 -2882.158558384749
0.999978172517 0.006598048237 0.000346770119 -0.006597642960 0.999977565803 -0.001157151132 -0.000354397278 0.001154838009 0.999999270376 -422.477781415345 -1246.087067077993 -50.872199888120 -1089.7615134873356 -2910.238486512664
0.999995407016 0.002958112455 0.000659937168 -0.002957576077 0.999995296468 -0.000812271599 -0.000662336855 0.000810316054 0.999999452349 -341.533469748419 -1342.953883148676 -30.955472883849 -1060.7503617609236 -2939.2496382390764
0.999893232278 -0.014595427335 0.000705368409 0.014595346615 0.999893475121 0.000119449340 -0.000707036684 -0.000109141490 0.999999744094 -235.013681179896 -1894.518600207115 -11.831338718767 -1035.4175544092254 -2964.5824455907746
0.999999026199 -0.001310212033 0.000480568511 0.001310481359 0.999998984212 -0.000560547181 -0.000479833587 0.000561176411 0.999999727420 -185.745376052869 -1430.206498814199 -12.892875453436 -1027.606846431798 -2972.3931535682023
0.999981360995 -0.006105329323 0.000051150678 0.006105392164 0.999980471155 -0.001334726385 -0.000043000735 0.001335013802 0.999999107944 -170.612046998381 -1547.938805126093 -26.612385430330 -1049.3118279315763 -2950.6881720684237
0.999986182552 -0.005254562639 -0.000155811888 0.005254310894 0.999984956727 -0.001574336831 0.000164081996 0.001573496393 0.999998748592 -152.672173988798 -1333.265669122774 -25.709878667795 -1032.6339611008127 -2967.3660388991875
0.999991480365 -0.004124919744 -0.000155677335 0.004124633228 0.999989877324 -0.001797957280 0.000163092188 0.001797299850 0.999998371556 -57.147841829759 -1327.022392536111 -11.229984427415 -1007.3522917139728 -2992.6477082860274
0.999959352086 -0.008986947712 -0.000727286903 0.008986067686 0.999958899199 -0.001204366921 0.000738080593 0.001197782516 0.999999010277 -187.071532171476 -1649.472975277659 -37.879474215912 -1003.419271583768 -2996.580728416232
0.999852249041 -0.017178369029 -0.000619455690 0.017178418970 0.999852437232 0.000075390459 0.000618069196 -0.000086020589 0.999999805295 -142.296378391131 -1938.619812718073 -26.367005918664 -943.4628266642335 -3056.5371733357665
0.999829630430 -0.018444966405 -0.000702373840 0.018445446377 0.999829634913 0.000683122854 0.000689654002 -0.000695962070 0.999999520007 -147.292148849530 -1948.729273630904 -26.724247638236 -914.3562105725341 -3085.643789427466
0.999766643519 -0.021584447407 -0.000877574828 0.021585332122 0.999766497909 0.001011482398 0.000855537624 -0.001030189106 0.999999103382 -133.872510551850 -2094.779312412082 -24.000654742450 -912.9542470754764 -3087.0457529245236
0.999838971708 -0.017906376830 -0.001179967649 0.017907829917 0.999838882153 0.001232624655 0.001157705694 -0.001253556827 0.999998544155 -128.195812283652 -2056.116160713831 -26.842987765471 -897.2441534453151 -3102.755846554685
0.999861431494 -0.016605094615 -0.001178407290 0.016606657971 0.999861216012 0.001329520997 0.001156166924 -0.001348906174 0.999998421864 -99.162124719447 -1996.973965147020 -25.674374336234 -924.4845026981714 -3075.515497301829
0.999899992193 -0.014105369671 -0.001021840472 0.014106627819 0.999899734265 0.001234693551 0.001004322207 -0.001248984796 0.999998715686 -64.030504398424 -2001.900994640319 -18.496904047449 -919.6352387919248 -3080.364761208075
0.999899044701 -0.014181865562 -0.000880395147 0.014182846624 0.999898793029 0.001118284514 0.000864446684 -0.001130658126 0.999998987172 -82.391788380400 -2018.291712592382 -14.028919215187 -918.3561917199008 -3081.643808280099
0.999718659727 -0.023707018329 -0.000760707823 0.023707850810 0.999718319099 0.001104657141 0.000734305419 -0.001122381104 0.999999100528 -71.038975327739 -2373.008897925920 -13.989722551018 -950.2039765988368 -3049.7960234011634
0.999743599795 -0.022634674096 -0.000637336376 0.022636016968 0.999741384504 0.002185142044 0.000587711573 -0.002199008530 0.999997409475 -91.310198234631 -2339.237633894465 -5.834438780714 -960.1948751796094 -3039.8051248203906
0.999774652947 -0.021226372068 -0.000290610085 0.021227215879 0.999769235591 0.003298616755 0.000220525355 -0.003304042265 0.999994517322 -68.883994646617 -2323.982712316628 7.019241873003 -956.2291881794822 -3043.770811820518
0.999694947271 -0.024694206376 0.000456697981 0.024692203567 0.999687230749 0.003966832594 -0.000554512923 -0.003954345621 0.999992027801 -75.433297385180 -2465.580100181392 28.086807295536 -948.6594427115137 -3051.3405572884863
0.999624588193 -0.027397863369 0.000199403737 0.027397019320 0.999618749716 0.003429074042 -0.000293277016 -0.003422323659 0.999994100827 -59.445436893932 -2520.052432220582 16.474356115785 -964.6002550721723 -3035.3997449278277
0.999601560138 -0.028216510099 0.000741300853 0.028213254953 0.999593577721 0.004085538412 -0.000856279208 -0.004062996061 0.999991379387 -48.297936625837 -2427.083857599951 33.813265822576 -1007.88210743791 -2992.1178925620898
0.999768799105 -0.021458749590 0.001367626147 0.021450791004 0.999754277160 0.005590068432 -0.001487245969 -0.005559439341 0.999983440230 -110.128825227430 -2456.170749448407 49.208818657070 -1006.2744593642639 -2993.7255406357363
0.999664046135 -0.025918459208 0.000168335994 0.025917417856 0.999653608948 0.004577069944 -0.000286908285 -0.004571169425 0.999989510992 -44.626346137015 -2419.337467265161 11.555748922859 -926.1453932298949 -2873.854606770105
0.999703800815 -0.024336617378 0.000199223600 0.024335564562 0.999694993553 0.004207156069 -0.000301550783 -0.004201061694 0.999991130035 -45.252165637996 -2358.246053884719 12.915028660085 -1028.2293316324162 -2971.7706683675838
0.999480870374 -0.032215496916 0.000389248719 0.032213588756 0.999472243390 0.004185617278 -0.000523885031 -0.004170905302 0.999991164508 -95.939746601368 -2557.380748865095 20.483541012656 -1040.2488201663732 -2959.751179833627
0.999419358752 -0.034071165575 -0.000317849196 0.034071818010 0.999416641171 0.002342769294 0.000237842896 -0.002352238686 0.999997205198 -83.353129642998 -2619.221630044769 -8.754940162133 -1056.0550207063638 -2943.944979293636
0.999500925055 -0.031589034691 0.000183579812 0.031588210307 0.999494967798 0.003463281227 -0.000292888809 -0.003455753833 0.999993985973 -93.209520838945 -2584.758491282740 8.835991277683 -1094.3378124267126 -2905.662187573287
0.999455801460 -0.032985932259 0.000170885321 0.032985192195 0.999450424104 0.003290418428 -0.000279328926 -0.003282991102 0.999994571958 -92.290604443085 -2641.336831217442 13.936774942822 -1096.2763482044588 -2903.723651795541
0.999560575915 -0.029642058075 0.000058900499 0.029641668762 0.999554423886 0.003510721096 -0.000162939253 -0.003507432491 0.999993835665 -90.559722970893 -2564.114676892159 5.635184701134 -1010.5785738062268 -2789.421426193773
0.999762309742 -0.021800243245 0.000270948181 0.021799126726 0.999755880261 0.003602493360 -0.000349417268 -0.003595730649 0.999993474293 -85.622481064403 -2385.060549781090 5.662844732066 -1114.7004605240797 -2885.29953947592
0.999791397671 -0.020424483512 -0.000040216130 0.020424517865 0.999787792553 0.002684945395 -0.000014631027 -0.002685206705 0.999996394719 -111.978940868357 -2325.996639146089 2.218882288082 -1106.0125773575407 -2893.987422642459
0.999497810576 -0.031687956397 -0.000008538077 0.031687869860 0.999494374619 0.002621833105 -0.000074546774 -0.002620787001 0.999996562953 -87.421931677437 -2598.770816619742 -2.433888285464 -989.529581337509 -2810.4704186624913
0.999873436699 -0.015908850029 -0.000138111146 0.015909174906 0.999869507817 0.002804548455 0.000093475983 -0.002806390737 0.999996057709 -36.343156596464 -2313.906198312978 -3.137340680290 -990.3072566835989 -2809.692743316401
0.999921842494 -0.012501883903 0.000108639046 0.012501467425 0.999916626775 0.003233080674 -0.000149049588 -0.003231469837 0.999994767680 -57.713873631666 -2194.680459740427 3.676692750964 -1004.0455252812446 -2795.9544747187556
0.999945245910 -0.010463114021 0.000168604763 0.010462514131 0.999940035365 0.003234419845 -0.000202436757 -0.003232478717 0.999994755037 -72.120452824184 -2069.416208351682 -1.875398378336 -1018.1111507914354 -2781.8888492085644
0.999906656244 -0.013662046665 0.000165165840 0.013661547216 0.999902978679 0.002719440600 -0.000202302939 -0.002716930336 0.999996288675 -135.220454234643 -2085.739094271953 -3.107571519806 -1012.4179080476514 -2787.5820919523485
0.999863918241 -0.016496816107 0.000007564624 0.016496742890 0.999860652634 0.002555931958 -0.000049728309 -0.002555459350 0.999996733572 -143.595547640227 -2216.418008937519 0.000400957840 -1097.2920757663337 -2902.7079242336663
0.999803102970 -0.019841764201 -0.000244305013 0.019842324393 0.999799853246 0.002556484340 0.000193530956 -0.002560828555 0.999996702346 -43.266348903123 -2361.635780526379 -3.605965653662 -1096.1032858925942 -2903.896714107406
0.999851608854 -0.017225064703 -0.000239622421 0.017225532855 0.999849398205 0.002112327233 0.000203201360 -0.002116141406 0.999997740325 -63.595174420818 -2219.599960231207 -1.167379989688 -1113.6323681947752 -2886.367631805225
0.999953461138 -0.009642492707 -0.000312878005 0.009643143054 0.999951196092 0.002148307800 0.000292147693 -0.002151224947 0.999997643438 -100.744052650287 -2056.656279012711 -3.988271626222 -1123.4855385153662 -2876.514461484634
0.999998614491 0.001658315341 0.000144935036 -0.001658544292 0.999997354029 0.001594103509 -0.000142291126 -0.001594341682 0.999998718913 -116.661816603631 -1710.544760365432 10.525900085252 -1120.825855236765 -2879.174144763235
0.999962835947 -0.008609177036 -0.000456941783 0.008610351202 0.999959463597 0.002633062069 0.000434254763 -0.002636898643 0.999996429088 -71.982448687710 -2090.827874411057 1.216372479013 -1064.0283141803461 -2793.6686555166234
0.999960161497 -0.008911514070 -0.000510231700 0.008912598891 0.999957938563 0.002164875251 0.000490917923 -0.002169336496 0.999997526486 -66.438605285436 -2095.957552778196 1.414223197448 -1049.2589405999101 -2794.013786672817
0.999819105584 -0.019019554046 -0.000112578580 0.019019814575 0.999814132158 0.003154011883 0.000052569756 -0.003155582564 0.999995019755 -129.594414505530 -2452.351912965436 9.045191482394 -1047.863526668151 -2815.5482380377316
0.999597439071 -0.028371245062 -0.000179600829 0.028371585665 0.999594753412 0.002319930521 0.000113708729 -0.002324092168 0.999997292829 -61.551432119500 -2552.387095176999 -0.285911479975 -1058.4914408628958 -2802.4497356076927
0.999727533495 -0.023341397140 -0.000194811437 0.023341837704 0.999723909432 0.002695092242 0.000131850433 -0.002698905177 0.999996349256 -74.130188481795 -2415.219266332678 0.170055826016 -1132.3903208513889 -2867.609679148611
0.999649783844 -0.026463291771 0.000062046581 0.026463115798 0.999647806293 0.001991701810 -0.000114731715 -0.001989362338 0.999998014635 -112.648530271298 -2487.583519010704 11.815170278419 -1145.1074583137581 -2869.892541686242
0.999880578300 -0.015450209572 -0.000346644229 0.015450944647 0.999878142860 0.002228842826 0.000312165899 -0.002233932635 0.999997456045 -80.928789481471 -2148.351462233231 -5.326125387092 -1057.503541776403 -2791.2706517719844
0.999817888055 -0.019075574876 -0.000559613691 0.019076788092 0.999815491494 0.002249249971 0.000516604701 -0.002259515988 0.999997313850 -36.843919977849 -2197.662816918828 -12.542117574672 -1052.3934823956847 -2760.2516788946377
0.999830508445 -0.018395733421 -0.000742546577 0.018397832319 0.999826463024 0.002926363345 0.000688585117 -0.002939528599 0.999995442501 -156.210670730383 -2167.298358579026 -14.059043098830 -1094.462005232792 -2794.204661433874
0.999484893739 -0.032091494135 -0.000288429020 0.032092073485 0.999482271977 0.002299309422 0.000214491417 -0.002307381319 0.999997314989 -106.333705699881 -2573.761899697459 4.901287956300 -1114.3460430229948 -2885.6539569770052
0.999462050865 -0.032790741134 -0.000613332892 0.032792242795 0.999458745931 0.002623736615 0.000526966655 -0.002642437739 0.999996369908 -66.727329537059 -2607.127606782114 -4.083446538538 -1062.1954237196626 -2816.0398703979845
0.999843493961 -0.017644144897 -0.001292955959 0.017647809546 0.999840117572 0.002879949839 0.001241934986 -0.002902316950 0.999995017064 -11.726455665551 -2276.008163811817 -24.547727363094 -1083.7011517062751 -2789.268545263422
0.999516268179 -0.031053067331 -0.001713667183 0.031057735143 0.999513759369 0.002768017331 0.001626878500 -0.002819900974 0.999994700698 -138.645676147174 -2580.896734559700 -28.448737627215 -1155.505534441806 -2844.494465558194
0.999532752357 -0.030547543121 -0.001060459968 0.030550229248 0.999529807860 0.002616618416 0.000980030084 -0.002647793102 0.999996014358 -125.650740081092 -2595.712708125193 -10.633577346006 -1165.4626563045852 -2834.537343695415
0.999610871794 -0.027869351859 -0.001184997454 0.027872522567 0.999607705421 0.002749136046 0.001107915947 -0.002781095148 0.999995519006 -143.868236447912 -2478.024246380463 -24.103598908571 -1203.8525537837652 -2796.147446216235
0.999526108324 -0.030778226572 -0.000509457870 0.030779122393 0.999524488487 0.001855408281 0.000452109441 -0.001870209685 0.999998148955 -140.131975629107 -2551.249217738838 -5.641034947478 -1232.3129309759202 -2767.68706902408
0.999465408030 -0.032693727011 -0.000135516188 0.032693931211 0.999463454659 0.001977286543 0.000070798611 -0.001980660058 0.999998035985 -79.869963293296 -2687.056087018236 1.444526028781 -1250.7127435909915 -2749.2872564090085
0.999551082593 -0.029951722213 -0.000726377575 0.029953295775 0.999548740043 0.002261935242 0.000658300933 -0.002282677222 0.999997178008 -87.362304990247 -2624.913844200135 -7.386038493857 -1273.9694129472784 -2726.030587052722
0.999879373985 -0.015529876382 0.000245800839 0.015529343119 0.999877331108 0.002040156528 -0.000277454066 -0.002036093306 0.999997888669 -174.819280345969 -2066.616901638614 9.550500531066 -1283.808481422962 -2716.191518577038
0.999700936912 -0.024454787258 -0.000010815125 0.024454712352 0.999696567323 0.002956404191 -0.000061486392 -0.002955784521 0.999995629769 -140.998738752415 -2452.465037532392 10.712737166138 -1286.8176648627505 -2713.1823351372495
0.999695029333 -0.024693327075 0.000296520573 0.024692390596 0.999691092426 0.002829411807 -0.000366296567 -0.002821227118 0.999995953244 -129.039228953759 -2545.156504141090 19.484430628823 -1305.9599659589098 -2694.04003404109
0.999748652987 -0.022408473066 0.000700845888 0.022406554853 0.999745470333 0.002634548901 -0.000759703720 -0.002618183173 0.999996283977 -81.931915698271 -2634.334424145767 24.457070983554 -1297.5293613606068 -2702.470638639393
0.999843209023 -0.017705728534 0.000254062645 0.017705029487 0.999840050397 0.002530919539 -0.000298833782 -0.002526024527 0.999996764944 -40.831889274623 -2482.476266278306 20.911647538059 -1297.9013876034612 -2702.0986123965386
0.999435951339 -0.033582402683 0.000037423300 0.033582226464 0.999433283510 0.002312115696 -0.000115048492 -0.002309554793 0.999997326357 -111.893805253748 -2758.254443371396 15.620123496583 -1259.807272803684 -2740.192727196316
0.999514329207 -0.031157385371 -0.000568372331 0.031158504768 0.999512291150 0.002080245410 0.000503280123 -0.002096944728 0.999997674763 -98.854501851242 -2687.346349199302 -7.437417836105 -1243.6388021812 -2756.3611978188
0.999531914195 -0.030593329125 -0.000026824352 0.030593282663 0.999527917180 0.002827336786 -0.000059685956 -0.002826833995 0.999996002716 -138.591471281131 -2736.045975115154 13.089208317976 -1249.6715358053277 -2750.328464194672
0.999441241756 -0.033424536165 -0.000068266020 0.033424599543 0.999437710419 0.002656903691 -0.000020578139 -0.002657700888 0.999996468095 -172.249960880294 -2866.301271177880 16.894409170756 -1268.9677484680274 -2731.0322515319726
0.999503336781 -0.031496794755 0.001015718079 0.031492667645 0.999496563398 0.003851186893 -0.001136506772 -0.003817286479 0.999992068307 -92.099410797121 -2805.739216711978 58.022001343102 -1290.5117387939915 -2709.4882612060082
0.999417806708 -0.034114144834 0.000522262118 0.034110964942 0.999404455714 0.005213057715 -0.000699790093 -0.005192207843 0.999986275542 -138.903605465572 -2830.591877321443 38.990726948453 -1203.168998391119 -2596.831001608881
0.999369720290 -0.035497142248 0.000339204442 0.035495619174 0.999362761949 0.003759128730 -0.000472426615 -0.003744719155 0.999992876920 -82.639699173397 -2927.383804407553 20.301103255360 -1275.2881436604002 -2724.7118563395998
0.999292449923 -0.037609036883 0.000399839087 0.037607220048 0.999285161808 0.003855176994 -0.000544542761 -0.003837412427 0.999992488841 -96.608361830362 -2923.457740050617 32.574412948653 -1250.4514356851562 -2749.548564314844
0.999381116732 -0.035170780494 0.000632232584 0.035167533084 0.999370984029 0.004569562061 -0.000792549964 -0.004544499975 0.999989359636 -61.445118568742 -2822.632746916973 31.180778992837 -1257.8850737286052 -2742.114926271395
0.999278411761 -0.037980530821 0.000367515573 0.037978876881 0.999271415343 0.003774041525 -0.000510587908 -0.003757360392 0.999992810746 -148.479553069515 -2895.142172844928 25.713236681289 -1242.6629359455053 -2757.3370640544945
0.999431999687 -0.033689648735 0.000827991065 0.033685797438 0.999423252960 0.004292842198 -0.000972137869 -0.004262512323 0.999990442923 -102.467471494238 -2799.943383537202 22.258516854865 -1229.3370288639226 -2770.6629711360774
0.999393771118 -0.034814592707 0.000185433873 0.034813684932 0.999387154146 0.003650132727 -0.000312398115 -0.003641464275 0.999993321050 -128.135718532588 -2932.023077261727 -1.715262517476 -1251.6035596307256 -2748.3964403692744
0.999415494988 -0.034184418163 0.000306483057 0.034183610969 0.999412839525 0.002336007955 -0.000386158175 -0.002324165849 0.999997224564 -100.066037361871 -2829.986114089591 6.434702730704 -1254.9861925026728 -2745.0138074973274
0.999570298757 -0.029310792285 0.000308703510 0.029309777361 0.999566182532 0.002895460009 -0.000393437816 -0.002885167795 0.999995760498 -103.320748660827 -2523.006192593510 0.553285588689 -1276.7223006732565 -2723.2776993267435
0.999951508523 -0.009820827994 0.000729342869 0.009819624584 0.999950448599 0.001635640164 -0.000745370070 -0.001628398976 0.999998396369 -142.337461770845 -1837.575454366965 12.918690247934 -1295.4012979482845 -2704.5987020517155
0.999326407722 -0.036694304075 0.000508799768 0.036692932496 0.999323499927 0.002484189877 -0.000599611184 -0.002463847190 0.999996784957 -91.835052992433 -2736.505939559153 10.701739709923 -1270.3981654694635 -2729.6018345305365
0.999612214160 -0.027846230998 -0.000093383389 0.027846382838 0.999608380015 0.002768675875 0.000016249631 -0.002770202611 0.999996162849 -112.926636365077 -2370.164606088696 -15.620696377936 -1267.265173327601 -2732.7348266723993
0.999971871683 -0.007500385046 0.000008130277 0.007500373622 0.999971400746 0.000970610514 -0.000015409997 -0.000970522233 0.999999528924 -7.960988931383 -1346.867518203130 10.108013208202 -1265.7031282210626 -2734.296871778937
0.999964249983 -0.008454514503 0.000141213513 0.008454199598 0.999962060057 0.002098798685 -0.000158952479 -0.002097529805 0.999997787549 -86.458833726115 -1998.050759767124 22.330565185677 -1274.12698914209 -2725.8730108579102
0.999741348241 -0.022691486994 -0.001527427865 0.022696287099 0.999737277501 0.003202268891 0.001454362332 -0.003236107560 0.999993706199 -7.009317285634 -2190.073833967040 -2.090281698495 -1200.3308383863582 -2668.113606058086
0.999844453899 -0.017464108768 -0.002464328081 0.017474831265 0.999837627298 0.004398785187 0.002387107078 -0.004441164690 0.999987288807 24.789121439507 -1961.676246292707 -36.229682593929 -1170.6894493374805 -2629.3105506625197
0.999927518764 -0.011782997822 -0.002473495702 0.011789768651 0.999926741852 0.002740854586 0.002441019014 -0.002769817867 0.999993184744 -121.696618368646 -1834.614099109748 -72.824062336249 -1198.5612861748327 -2601.4387138251673
0.999912964374 -0.013124628164 -0.001344549316 0.013129460195 0.999907141927 0.003650314801 0.001296515440 -0.003667650301 0.999992433666 -59.674066354479 -1803.414606354996 -34.751607015890 -1310.725301296937 -2689.274698703063
0.999893673713 -0.014531674176 -0.001213142697 0.014536368003 0.999886521912 0.003954403101 0.001155540934 -0.003971617332 0.999991445454 -129.606029609196 -2013.151148562320 -42.430486360570 -1317.0913243985092 -2682.908675601491
0.999812827978 -0.019276551595 -0.001650324268 0.019282862764 0.999806470687 0.003897739987 0.001574869896 -0.003928833415 0.999991041986 -45.125767818846 -2165.301504369135 -29.138679727525 -1318.2174861151893 -2681.7825138848107
0.999924391969 0.012280152368 -0.000638907513 -0.012279322731 0.999923778496 0.001286635447 0.000654658894 -0.001278692816 0.999998968183 14.607756681886 -304.332308496003 -41.272037367515 -1313.5618811235122 -2686.438118876488
0.999796200462 -0.020163371975 -0.000997983911 0.020166909654 0.999789885113 0.003671699969 0.000923740368 -0.003691077930 0.999992761298 8.810618135543 -2029.528715673024 -5.875069674862 -1277.8528229853373 -2722.1471770146627
0.999701430638 -0.024319281078 -0.002371106753 0.024329310310 0.999694764156 0.004296880104 0.002265885971 -0.004353284579 0.999987957265 -77.738907968250 -2969.107205710689 -31.184568593413 -1229.0621120005262 -2770.937887999474
0.999545356021 -0.030114962548 -0.001473189306 0.030119684809 0.999540865740 0.003295800706 0.001373259999 -0.003338674288 0.999993483684 -73.622147171552 -3137.987930728686 -25.122372473259 -1318.343473081122 -2881.6565269188777
0.999528740147 -0.030672563137 -0.001221265824 0.030675891511 0.999525442971 0.002806872690 0.001134592284 -0.002843013342 0.999995314977 -40.228162055397 -3119.612684651950 -33.517989473762 -1369.059343420153 -2830.940656579847
0.999593558324 -0.028485412388 -0.001139928657 0.028488755006 0.999589514138 0.003032171507 0.001053088077 -0.003063414254 0.999994753236 -159.143049642718 -3183.669562445236 8.295318769376 -1497.9861836987238 -2902.013816301276
0.999832700977 -0.018268593466 -0.000910246868 0.018271438604 0.999827871551 0.003222080287 0.000851227314 -0.003238172756 0.999994394809 -178.849385164663 -3236.669248846337 2.806594205656 -1378.647472672882 -2821.352527327118
0.999796392721 -0.020175628187 -0.000342240606 0.020176499486 0.999792599315 0.002768975042 0.000286303814 -0.002775316476 0.999996107817 -106.540101541917 -3204.584315688935 5.295689828647 -1398.0934064785274 -2801.9065935214726
0.999851548149 -0.017144693367 -0.001714979203 0.017151580829 0.999844554382 0.004085382190 0.001644669993 -0.004114190311 0.999990184201 -140.409747280293 -3217.922221187306 -34.226115960511 -1423.815794092029 -2776.184205907971
0.999937963341 -0.011123725535 -0.000576367968 0.011125292154 0.999934219218 0.002790181316 0.000545292843 -0.002796420485 0.999995941336 -185.793126296010 -3343.489662024496 -2.586453371999 -1510.4493138744035 -2889.5506861255963
0.999963137990 -0.008582874286 -0.000238598937 0.008583638875 0.999957334958 0.003413122829 0.000209294353 -0.003415045061 0.999994146814 -111.307361059482 -3304.267871875220 27.278063046308 -1599.118797571779 -3000.881202428221
0.999900511201 -0.014032707954 -0.001432063972 0.014035758083 0.999899198440 0.002142534661 0.001401854054 -0.002162421606 0.999996679363 13.758870270563 -3380.590395287754 -51.626728601264 -1423.6871716510946 -2776.3128283489054
0.999999599491 0.000501447590 -0.000741329255 -0.000499773475 0.999997328707 0.002256724352 0.000742458904 -0.002256352951 0.999997178809 -33.809056193475 -3391.101354712667 -5.889275152289 -1564.0270721844672 -2835.972927815533
0.999999737329 0.000037672098 -0.000723825420 -0.000035660113 0.999996136641 0.002779465964 0.000723927332 -0.002779439422 0.999995875314 -182.119469554514 -3428.450005437427 -0.313996901170 -1525.2942082366533 -2874.7057917633465
0.999968676455 -0.007914329925 0.000097422370 0.007914013180 0.999964454772 0.002908193151 -0.000120435307 -0.002907331054 0.999995766452 -127.301686661151 -3513.311380108340 22.247970579834 -1510.053955520305 -2889.946044479695
0.999971052699 -0.007608678665 -0.000042110576 0.007608775902 0.999965665759 0.003282351645 0.000017134771 -0.003282577040 0.999994612183 -155.355282804977 -3543.380614712964 17.146163669709 -1414.7422904164755 -2785.2577095835245
0.999980479069 -0.006243002936 -0.000257671109 0.006243932078 0.999973369227 0.003778114606 0.000234077467 -0.003779649735 0.999992829702 -196.361156804144 -3531.092133021119 10.680607261923 -1409.9887581056676 -2790.0112418943327
0.999989469668 -0.004588849657 -0.000054877092 0.004589019334 0.999982814894 0.003648399359 0.000038134193 -0.003648612772 0.999993343063 -205.469818527216 -3539.026945825007 33.134450707593 -1497.2905777327937 -2902.7094222672063
0.999979689807 -0.006369785076 -0.000214037568 0.006370415967 0.999974937834 0.003088932465 0.000194356367 -0.003090233236 0.999995206331 -127.049097367950 -3604.909008770466 2.776748050728 -1385.985379765621 -2814.014620234379
0.999998097742 -0.001867032495 0.000564536666 0.001864269425 0.999986472053 0.004855945973 -0.000573595238 -0.004854884288 0.999988050472 -206.934861989177 -3619.666961286584 38.883597894192 -1477.1320260349162 -2922.867973965084
0.999992497727 -0.003773203931 0.000876026600 0.003769745510 0.999985224937 0.003916494226 -0.000890791388 -0.003913162446 0.999991946793 -153.449723376143 -3725.351876925917 31.865659367124 -1345.884006937354 -2854.1159930626463
0.999997549606 0.000207377925 0.002204036246 -0.000219166501 0.999985666046 0.005349735428 -0.002202895237 -0.005350205370 0.999983261137 -137.933710774588 -3709.158290708620 26.831864460178 -1328.4466011949244 -2871.5533988050756
0.999999126339 -0.000537558587 0.001207622656 0.000531137165 0.999985753090 0.005311450853 -0.001210460668 -0.005310804799 0.999985164959 -168.314657108041 -3760.211398869076 12.543856612572 -1409.228673540819 -2990.771326459181
0.999998127214 0.000155755853 0.001929069618 -0.000167504518 0.999981431613 0.006091664046 -0.001928084986 -0.006091975765 0.999979584951 -162.040775107000 -3817.631658637704 26.498854142528 -1396.3577838166668 -3003.6422161833334
0.999999146636 -0.000030782331 0.001306055286 0.000022257870 0.999978702649 0.006526389034 -0.001306228368 -0.006526354394 0.999977849988 -133.455813848292 -3759.348623813840 6.985079666320 -1388.4062090865748 -3011.5937909134254
0.999975089705 -0.006204597914 0.003364956689 0.006171929199 0.999934549191 0.009633515697 -0.003424508541 -0.009612507449 0.999947934866 -177.437508104589 -3842.724615773527 36.263235467786 -1391.2701230140021 -3008.729876985998
0.999998063945 -0.001540609480 0.001224184713 0.001531549055 0.999971683233 0.007367977339 -0.001235501223 -0.007366088175 0.999972106752 -189.293984833622 -3816.824046466078 -26.429797328092 -1398.9694388889202 -3001.03056111108
0.999989322881 0.000979680875 0.004516010438 -0.001035200444 0.999923717316 0.012308042476 -0.004503607991 -0.012312586037 0.999914055177 -163.202806904865 -3876.632569413396 22.793865960358 -1380.9845913396427 -3019.015408660357
0.999994649673 0.002326980248 -0.002299084399 -0.002333728348 0.999992964389 -0.002936815241 0.002292234312 0.002942164966 0.999993044639 -178.072665938301 -3953.553396829908 -5.322216240658 -1393.8805476022922 -3065.119452397708
0.999999975918 0.000129999091 -0.000176815457 -0.000129389570 0.999994064941 0.003442868134 0.000177261977 -0.003442845173 0.999994057680 -184.877842485914 -3958.194971571800 21.431853327784 -1368.7480615141358 -3031.2519384858642
0.999990438638 0.004371912884 0.000094918208 -0.004372282032 0.999981116954 0.004318435617 -0.000076036591 -0.004318809336 0.999990671009 -283.415911129578 -3890.977588446735 -13.651428614077 -1284.4783179501828 -2986.9883487164843
0.999996944011 0.002387765056 -0.000640739058 -0.002385326734 0.999990012218 0.003779640332 0.000649757551 -0.003778100409 0.999992651859 -297.052301333233 -3756.838174514538 -8.832553886206 -1305.0143112528408 -3094.985688747159
0.999979625260 -0.006176947848 -0.001610708089 0.006183088316 0.999973528517 0.003835581294 0.001586973266 -0.003845462295 0.999991346930 -193.550438207981 -3078.816900651289 -11.557163119827 -1185.7166237860256 -3014.2833762139744
0.999971067702 -0.007605571643 0.000137984936 0.007605464791 0.999970789954 0.000759041725 -0.000143753852 -0.000757970324 0.999999702408 313.216749660116 -615.381470238479 -40.869004989413 -1101.1054567761962 -2898.894543223804
0.999999989436 -0.000086342130 -0.000116928735 0.000086572906 0.999998045787 0.001975076662 0.000116757974 -0.001975086764 0.999998042698 105.092462429839 -2432.410147110186 1.566504928065 -1416.4580843720664 -3183.5419156279336
0.999913443249 -0.013152762590 0.000332935025 0.013151886408 0.999910360662 0.002509686053 -0.000365914486 -0.002505090099 0.999996795310 83.998323075913 -2523.528579182179 -6.932422500873 -1444.8816922759142 -3155.1183077240858
0.999998254056 -0.001859407973 0.000185704775 0.001857657341 0.999957594920 0.009019837692 -0.000202468458 -0.009019476968 0.999959303193 -91.159215508003 -4153.598199454082 -1.678980367733 -1430.2856168017192 -3051.314383198281
0.999999920470 -0.000395916733 -0.000048063548 0.000395915760 0.999999921420 -0.000020247767 0.000048071561 0.000020228736 0.999999998640 -117.371050586170 -2271.061856304438 -12.561930029999 -1417.012452127038 -3031.056513390203
0.999998387367 0.001461721599 -0.001043376248 -0.001458876788 0.999995230867 0.002722117029 0.001047350250 -0.002720590482 0.999995750713 -155.276569259939 -2323.766288695796 7.523280107562 -1391.926593518828 -3058.0109064811722
0.999999113109 0.001324218540 0.000142216699 -0.001324171955 0.999999069767 -0.000327160848 -0.000142649800 0.000326972238 0.999999936370 -4.208876442117 -2442.594818030505 19.551161106053 -1329.9934180602963 -3071.0065819397037
0.999960754925 0.008705837052 -0.001642257936 -0.008706088311 0.999962090650 -0.000145909450 0.001640925415 0.000160201367 0.999998640849 56.479789414287 -408.815105330376 55.749584501423 -1353.598834308093 -3122.901165691907
0.999996767910 -0.002519985378 -0.000337408088 0.002520193814 0.999996632873 0.000618762297 0.000335847680 -0.000619610631 0.999999751644 -167.937133340737 -3993.020060343659 33.588917910459 -1189.7122489348535 -3088.40539812397
0.999979378800 0.006415603202 0.000286375109 -0.006416459412 0.999974620479 0.003096360177 -0.000266502822 -0.003098133841 0.999995165260 -15.835439722796 -2602.437371866688 27.207370474161 -1207.9234787230826 -3072.0765212769174
