0.999999999999 -0.000001575678 -0.000000419071 0.000001575680 0.999999999991 0.000003956350 0.000000419064 -0.000003956351 0.999999999992 0.926781201220 1.135866672682 -0.034204720230 -911.6303527995744 -2688.369647200426
0.999999999990 -0.000002933404 0.000003490560 0.000002933420 0.999999999985 -0.000004636065 -0.000003490546 0.000004636075 0.999999999983 -2.080810335387 -4.319102753502 -0.280778095055 -917.3860853635988 -2682.613914636401
0.999999999983 -0.000005646876 0.000001263943 0.000005646878 0.999999999983 -0.000001363269 -0.000001263935 0.000001363276 0.999999999998 1.135082505155 -0.757045469052 -0.144728687974 -914.7689431467643 -2685.2310568532357
0.999999999989 0.000003969861 -0.000002588772 -0.000003969845 0.999999999972 0.000006362854 0.000002588797 -0.000006362843 0.999999999976 -0.058832442068 2.925393067299 0.216328118050 -904.4338604621976 -2695.5661395378024
0.999999999994 -0.000002149366 0.000002613739 0.000002149387 0.999999999965 -0.000008106830 -0.000002613722 0.000008106835 0.999999999964 -1.525598967552 -2.913301060684 -0.297877047515 -910.787176311477 -2689.212823688523
0.999999999953 -0.000008817968 0.000004121589 0.000008817979 0.999999999957 -0.000002759955 -0.000004121564 0.000002759991 0.999999999988 0.422449178690 1.384517886977 0.016164255942 -920.3544731165916 -2679.6455268834084
0.999999999953 0.000009468575 0.000002253913 -0.000009468577 0.999999999955 0.000001002996 -0.000002253903 -0.000001003017 0.999999999997 -0.366509365152 -1.813510681999 -0.152404492745 -908.9372198258163 -2691.062780174184
0.999999999961 0.000008831034 -0.000000349620 -0.000008831033 0.999999999952 0.000004290965 0.000000349658 -0.000004290961 0.999999999991 2.001742212329 3.178040529954 0.092589392135 -923.2338551507871 -2676.7661448492127
0.999999999318 0.000036919192 0.000000051176 -0.000036919192 0.999999999316 0.000002353222 -0.000000051090 -0.000002353224 0.999999999997 -2.042038724373 2.541241995095 -0.215330791280 -936.0551619814009 -2663.944838018599
0.999999999675 -0.000025357036 -0.000002750501 0.000025357045 0.999999999674 0.000003145961 0.000002750421 -0.000003146031 0.999999999991 2.683272431594 -0.004885319939 0.195193386008 -920.253774377115 -2679.746225622885
0.999999999947 -0.000009207067 -0.000004612037 0.000009207088 0.999999999947 0.000004571929 0.000004611995 -0.000004571971 0.999999999979 1.334407998959 0.665751442423 -0.033170541509 -920.5329766743441 -2679.4670233256556
0.999999999948 0.000010061701 -0.000001429551 -0.000010061697 0.999999999946 0.000002744844 0.000001429578 -0.000002744829 0.999999999995 -0.655396273792 -1.759703083289 -0.093778273475 -927.5410166808254 -2672.458983319175
0.999999999522 -0.000030870088 -0.000001746829 0.000030870088 0.999999999524 0.000000004717 0.000001746829 -0.000000004771 0.999999999998 1.280998391231 -0.685404404341 0.157059795879 -928.9604190000108 -2671.039580999989
0.999999999853 -0.000017075923 0.000001208227 0.000017075920 0.999999999851 0.000002432008 -0.000001208268 -0.000002431988 0.999999999996 1.760343111096 5.052601351268 0.146661895419 -929.3327415949454 -2670.667258405055
0.999999999896 0.000014069174 0.000003195894 -0.000014069153 0.999999999879 -0.000006618440 -0.000003195987 0.000006618395 0.999999999973 -4.523419441981 -1.525976790642 -0.270056992612 -933.271567312363 -2666.728432687637
0.999999999439 -0.000033070096 0.000005262878 0.000033070138 0.999999999422 -0.000007956561 -0.000005262615 0.000007956735 0.999999999955 2.335978350643 -0.570188351293 0.044480280422 -918.1742052673745 -2681.8257947326256
0.999999999918 0.000012430327 0.000003122370 -0.000012430324 0.999999999922 -0.000000834867 -0.000003122381 0.000000834828 0.999999999995 -1.316176396676 4.031299285330 -0.048062878950 -904.1809855779434 -2695.8190144220566
0.999999999852 -0.000016890451 -0.000003310746 0.000016890469 0.999999999841 0.000005653804 0.000003310650 -0.000005653860 0.999999999979 1.805157986798 -0.252552461731 0.235072116897 -891.8665544856647 -2708.133445514335
0.999999999868 -0.000016201877 0.000000815825 0.000016201876 0.999999999868 0.000001061282 -0.000000815842 -0.000001061268 0.999999999999 3.778148331167 2.297076455473 -0.008073631965 -898.0867515669413 -2701.9132484330585
0.999999999880 0.000015415318 -0.000001314970 -0.000015415312 0.999999999871 0.000004495613 0.000001315039 -0.000004495593 0.999999999989 1.540389312902 3.193371807627 -0.059522091496 -900.2947808111965 -2699.7052191888033
0.999999999786 0.000020648062 -0.000001592668 -0.000020648062 0.999999999787 0.000000419659 0.000001592676 -0.000000419626 0.999999999999 -4.791951499012 -1.472227162413 -0.143052619630 -900.2220133852011 -2699.777986614799
0.999999998065 -0.000062196520 -0.000001544894 0.000062196500 0.999999997988 -0.000012490100 0.000001545671 0.000012490004 0.999999999921 9.445529962627 2.841677466210 -0.441912759570 -881.0731282834686 -2718.9268717165314
0.999999999988 -0.000003009011 0.000003778755 0.000003009038 0.999999999970 -0.000007080828 -0.000003778733 0.000007080839 0.999999999968 -1.698473702063 6.741278111137 -0.244928297272 -883.0433964102676 -2716.9566035897324
0.999999999370 -0.000035461908 0.000001417676 0.000035461926 0.999999999293 -0.000012519976 -0.000001417232 0.000012520027 0.999999999921 4.301026485296 7.917305964505 -0.339948578344 -877.5432602866732 -2722.456739713327
0.999999999949 -0.000009696855 0.000002903171 0.000009696879 0.999999999918 -0.000008359885 -0.000002903090 0.000008359913 0.999999999961 1.689930305565 4.572996062448 -0.901275716409 -874.5559115258934 -2725.4440884741066
0.999999998038 -0.000062615416 0.000001804554 0.000062615416 0.999999998040 -0.000000440482 -0.000001804527 0.000000440595 0.999999999998 7.605053254504 7.439000698035 0.034062792301 -868.0244520465596 -2731.9755479534406
0.999999999802 -0.000019836626 0.000001512806 0.000019836633 0.999999999792 -0.000004838725 -0.000001512710 0.000004838755 0.999999999987 0.168763539022 1.325598475625 0.020242125021 -873.5883668300504 -2726.4116331699497
0.999999999185 -0.000040373130 0.000000364539 0.000040373129 0.999999999183 0.000001863111 -0.000000364615 -0.000001863096 0.999999999998 4.132145361581 3.915597183166 0.182984296157 -869.1585446853038 -2730.8414553146963
0.999999999854 -0.000017073198 -0.000000320001 0.000017073200 0.999999999842 0.000004887643 0.000000319917 -0.000004887649 0.999999999988 2.048955927100 2.537424536844 0.051652063616 -872.2026625996768 -2727.797337400323
0.999999999647 -0.000026567145 -0.000001059270 0.000026567145 0.999999999647 0.000000073429 0.000001059268 -0.000000073457 0.999999999999 0.557979220358 3.769337678471 -0.035849179530 -869.0154855807723 -2730.9845144192277
0.999999999977 -0.000006719007 -0.000000403518 0.000006719008 0.999999999977 0.000001039728 0.000000403511 -0.000001039731 0.999999999999 0.885234176137 0.693914936204 -0.196476459878 -872.2662862482384 -2727.7337137517616
0.999999999878 -0.000015423973 -0.000002375398 0.000015423989 0.999999999858 0.000006818635 0.000002375293 -0.000006818671 0.999999999974 4.387865188448 4.378131758980 0.429185061810 -879.7996536412911 -2720.200346358709
0.999999999950 -0.000009924084 0.000001272552 0.000009924088 0.999999999946 -0.000003184321 -0.000001272520 0.000003184333 0.999999999994 2.163087525033 -1.668688536914 -0.116021051783 -884.9741929546517 -2715.0258070453483
0.999999999818 0.000019097443 -0.000000362950 -0.000019097443 0.999999999818 0.000000229235 0.000000362954 -0.000000229228 1.000000000000 -3.354560677298 -1.253132197217 -0.252991095553 -891.5043888537716 -2708.4956111462284
0.999999999279 -0.000037949000 0.000001514667 0.000037949006 0.999999999272 -0.000003886237 -0.000001514519 0.000003886294 0.999999999991 3.061864701048 1.917173259833 0.255755353097 -888.2286191789175 -2711.7713808210824
0.999999999997 -0.000002269509 0.000001151145 0.000002269509 0.999999999997 0.000000037486 -0.000001151145 -0.000000037483 0.999999999999 1.832009511989 4.506838425620 -0.016611772631 -890.3016702711528 -2709.698329728847
0.999999999855 -0.000016960249 0.000001814353 0.000016960243 0.999999999850 0.000003583860 -0.000001814413 -0.000003583829 0.999999999992 5.978522475737 2.691363131248 -0.196929076697 -890.7236172992973 -2709.276382700703
0.999999999926 -0.000012130415 -0.000001115676 0.000012130424 0.999999999893 0.000008199656 0.000001115576 -0.000008199670 0.999999999966 -1.367919703140 7.513083737549 0.212777594666 -895.0469606891086 -2704.9530393108917
0.999999999983 0.000005178745 -0.000002763263 -0.000005178713 0.999999999919 0.000011586398 0.000002763323 -0.000011586384 0.999999999929 -1.138782114393 6.842341833267 0.444804623727 -892.555965656081 -2707.444034343919
0.999999999653 -0.000025056436 -0.000008122484 0.000025056592 0.999999999501 0.000019219831 0.000008122002 -0.000019220034 0.999999999782 -0.697415060968 14.604331139215 0.633120061689 -892.8691432655512 -2707.1308567344486
0.999999998968 -0.000045421434 -0.000000828778 0.000045421439 0.999999998949 0.000006191238 0.000000828497 -0.000006191276 0.999999999980 0.313428656925 13.107144054752 0.016368540498 -903.9985879255515 -2696.0014120744486
0.999999998900 -0.000046613648 -0.000005233754 0.000046613742 0.999999998754 0.000017869311 0.000005232921 -0.000017869555 0.999999999827 -4.064791860449 21.332181200769 0.540151040749 -906.3326563360123 -2693.6673436639876
0.999999999265 -0.000038002908 -0.000005167796 0.000038002930 0.999999999269 0.000004318006 0.000005167632 -0.000004318203 0.999999999977 -4.377349296914 18.369489745959 0.172850783417 -901.3838594834365 -2698.6161405165635
0.999999997385 -0.000072297502 0.000001600824 0.000072297514 0.999999997354 -0.000008060073 -0.000001600242 0.000008060189 0.999999999966 -1.388747071061 9.379765809750 -0.135699788025 -906.510213317632 -2693.489786682368
0.999999983675 -0.000179099798 0.000023943139 0.000179101387 0.999999981756 -0.000066410133 -0.000023931245 0.000066414420 0.999999997508 12.588141407373 -14.138758430744 -0.507942024384 -908.1264357531891 -2691.873564246811
0.999999983825 -0.000175307127 0.000040226518 0.000175311560 0.999999978560 -0.000110210203 -0.000040207197 0.000110217253 0.999999993118 -3.390570879813 -27.000735298605 -2.650323864616 -913.5531108733342 -2686.446889126666
0.999999958998 -0.000282579966 0.000046390001 0.000282587671 0.999999946265 -0.000166173839 -0.000046343041 0.000166186941 0.999999985117 -4.992560628345 -63.108348830700 -2.760889685560 -912.161517573561 -2687.838482426439
0.999999932074 -0.000360769819 0.000075481539 0.000360786442 0.999999910643 -0.000220335481 -0.000075402042 0.000220362699 0.999999972877 -2.016590282463 -69.206218751095 -4.126367106337 -913.5658534383963 -2686.4341465616035
0.999999791660 -0.000642505927 0.000062180910 0.000642519329 0.999999770310 -0.000215751821 -0.000062042274 0.000215791729 0.999999974792 2.960761834838 -91.839675169383 -2.112001690904 -914.9889303107216 -2685.0110696892784
0.999993228537 -0.003676132931 0.000170079734 0.003676160587 0.999993229683 -0.000162576134 -0.000169480931 0.000163200273 0.999999972321 34.680706325820 -277.372530229762 -0.230903656915 -920.0239300066016 -2679.9760699933986
0.999985885000 -0.005305981017 0.000276343233 0.005306051380 0.999985890421 -0.000254516235 -0.000274988875 0.000255978933 0.999999929428 -10.810854974962 -330.934921649521 -2.780883909754 -916.1456879708802 -2683.8543120291197
0.999987204495 -0.005052564173 0.000249881564 0.005052630186 0.999987200466 -0.000264257572 -0.000248543188 0.000265516749 0.999999933864 -23.661892609275 -352.478423344680 -5.520191987352 -922.0793080695221 -2677.920691930478
0.999988395078 -0.004812336103 0.000226122108 0.004812386958 0.999988395109 -0.000224897323 -0.000225037202 0.000225982901 0.999999949145 -78.256822635178 -392.152731237169 -6.883766633082 -920.8803208114318 -2679.119679188568
0.999961375328 -0.008783688669 0.000307676907 0.008783792188 0.999961365056 -0.000336733236 -0.000304707260 0.000339422799 0.999999895973 83.680067536520 -605.877307939475 1.975783171879 -896.1362621185632 -2703.863737881437
0.999974499565 -0.007132073894 0.000365706925 0.007132198072 0.999974507960 -0.000339382714 -0.000363277099 0.000341982354 0.999999875539 -19.245569916172 -429.677566962768 -7.323909533378 -792.572401862267 -2607.427598137733
0.999974146361 -0.007180826039 0.000377289167 0.007181014921 0.999974090333 -0.000501684146 -0.000373676885 0.000504380495 0.999999802983 -86.939269588906 -460.932936152029 -9.953900460930 -916.1443055437228 -2683.855694456277
0.999959218247 -0.009023724320 0.000366389654 0.009023868514 0.999959206517 -0.000393827249 -0.000362820919 0.000397117440 0.999999855329 13.335378620248 -606.809297414474 -4.022171186982 -791.5418619703269 -2608.458138029673
0.999952376086 -0.009753282174 0.000345030850 0.009753331136 0.999952425263 -0.000140507136 -0.000343644029 0.000143865645 0.999999930606 92.441279727730 -664.369979816877 -3.551533981944 -891.0938182474943 -2708.9061817525057
0.999957242735 -0.009239877519 0.000370628731 0.009240023527 0.999957232376 -0.000394188307 -0.000366970628 0.000397596071 0.999999853625 -10.394395373031 -626.181589348077 -9.485353162814 -906.5955902579285 -2693.4044097420715
0.999969350911 0.000762623205 -0.007792024469 -0.000832474626 0.999959465541 -0.008965169289 0.007784871578 0.008971381177 0.999929452559 -72.836630036831 -1026.163023937530 -648.972142613505 -903.3389374554532 -2696.661062544547
0.999988377695 0.004817235897 0.000196755457 -0.004817209983 0.999988388469 -0.000131964413 -0.000197388876 0.000131015066 0.999999971936 876.751934430007 -1580.179178171776 -5.430417199737 -1761.4475378036436 -3638.5524621963564
0.999947736089 -0.010209794004 0.000534038860 0.010210018366 0.999947788578 -0.000419097864 -0.000529732075 0.000424528507 0.999999769580 -39.172552833947 -714.609706170138 -12.792569722861 -890.4332419798878 -2709.566758020112
0.999957114074 -0.009254946204 0.000340564274 0.009255017942 0.999957149422 -0.000209675249 -0.000338609148 0.000212818185 0.999999920026 -84.922814459671 -815.009330885193 -14.805315642428 -908.0063306512437 -2691.993669348756
0.999993255794 0.003211896832 0.001781034827 -0.003209598192 0.999994014615 -0.001291980220 -0.001785173874 0.001286255101 0.999997579348 16.622944932035 -1780.528642663065 -30.339730555879 -888.5769562226027 -2711.423043777397
0.999943171891 -0.010651203647 0.000452603331 0.010651363436 0.999943210625 -0.000352111999 -0.000448827212 0.000356912832 0.999999835584 -42.633080543296 -881.818515137363 -16.149021375844 -916.7626711913435 -2683.2373288086565
0.999999797035 0.000068262774 0.000633458233 -0.000068100820 0.999999964994 -0.000255685311 -0.000633475664 0.000255642120 0.999999766678 2.420572937058 -1147.795975982291 -15.766282284748 -924.5181450536663 -2675.4818549463334
0.999999930160 0.000053269887 0.000369921792 -0.000053154761 0.999999950158 -0.000311220931 -0.000369938352 0.000311201246 0.999999883150 9.168496167705 -901.457967355737 -18.439796066603 -941.0923773821231 -2658.9076226178768
0.999938905607 -0.011040638147 0.000537925226 0.011040623383 0.999939049998 0.000030409307 -0.000538228177 -0.000024468419 0.999999854856 -120.713744180437 -875.188586022206 -18.155772338608 -921.54167293063 -2678.45832706937
0.999931423164 -0.011703060768 0.000432825733 0.011702905025 0.999931453631 0.000360628078 -0.000437016517 -0.000355538028 0.999999841305 -46.166040778693 -886.795498882011 -7.870567585323 -872.054236039274 -2727.9457639607263
0.999993844708 0.003458368778 0.000591803756 -0.003458307027 0.999994014491 -0.000105334996 -0.000592164501 0.000103287709 0.999999819336 -52.222371683246 -930.789796144198 -24.592794177011 -956.2844056316253 -2643.7155943683747
0.999938847004 -0.011057073190 0.000208289433 0.011057042760 0.999938858275 0.000146684735 -0.000209898602 -0.000144372700 0.999999967550 -47.839394712237 -953.476171642859 -12.018341880447 -1098.3898819328056 -2701.6101180671944
0.999999820474 -0.000518644376 0.000300100072 0.000518515169 0.999999772921 0.000430465809 -0.000300323263 -0.000430310125 0.999999862320 40.263294582667 -1234.067546967557 -14.167026894496 -956.8433114896387 -2643.156688510361
0.999998630782 0.001623172873 0.000322094423 -0.001623315769 0.999998583906 0.000443883672 -0.000321373467 -0.000444405926 0.999999849611 11.438920945220 -1155.427448007502 -13.089203573902 -1012.0126346632758 -2587.987365336724
